=== Phase 7 Evolution Loop Overhead Profile ===
Instance   : setA-01
Generations: 50
Seed       : 42
Pop size   : 50

Gen-0 IFR  : 1.0000
gen,gen_ms,eval_ms,non_eval_ms,l1_lookup_ms,l1_materialize_ms,l1_insert_ms,l1_total_ms,unattributed_ms,n_eval,cache_hits,crossover_ms,mutation_ms,repair_ms,improve_ms,sort_ms,selection_ms,feasibility_ms,staging_ms,attributed_ms,rayon_residual_ms
1,81.014,11.158,69.856,0.016,0.004,0.106,0.126,69.730,22,3,0.112,0.004,36.957,32.512,0.006,0.003,0.000,0.024,69.617,0.113
2,78.478,10.304,68.174,0.023,0.010,0.082,0.115,68.059,23,6,0.113,0.002,29.766,38.048,0.005,0.005,0.000,0.023,67.961,0.098
3,79.770,13.319,66.452,0.016,0.002,0.180,0.197,66.254,29,2,0.111,0.002,25.889,40.144,0.004,0.004,0.000,0.019,66.174,0.080
4,78.978,16.346,62.632,0.023,0.001,0.128,0.152,62.480,38,1,0.105,0.006,11.825,50.420,0.005,0.004,0.000,0.028,62.393,0.087
5,76.037,13.611,62.426,0.027,0.008,0.112,0.147,62.279,32,7,0.096,0.003,11.061,50.992,0.004,0.004,0.000,0.034,62.194,0.085
6,76.855,14.689,62.166,0.025,0.007,0.245,0.277,61.889,33,7,0.072,0.004,9.446,52.256,0.004,0.004,0.000,0.023,61.810,0.079
7,80.474,17.587,62.887,0.031,0.004,0.103,0.137,62.749,34,4,0.091,0.003,13.239,49.310,0.005,0.004,0.000,0.019,62.672,0.077
8,75.248,14.846,60.402,0.023,0.004,0.111,0.138,60.264,37,4,0.103,0.003,7.325,52.702,0.004,0.005,0.000,0.049,60.191,0.073
9,75.131,15.031,60.100,0.023,0.005,0.113,0.141,59.959,36,5,0.103,0.002,7.364,52.385,0.004,0.005,0.000,0.032,59.894,0.064
10,77.440,17.329,60.111,0.024,0.006,0.099,0.129,59.982,35,6,0.071,0.004,7.945,51.864,0.004,0.005,0.000,0.025,59.919,0.064
11,99.309,29.032,70.277,0.027,0.001,0.208,0.236,70.041,42,1,0.103,0.003,3.913,65.920,0.005,0.001,0.000,0.029,69.974,0.066
12,78.249,16.172,62.077,0.023,0.002,0.349,0.374,61.703,39,3,0.117,0.003,6.211,55.260,0.006,0.005,0.000,0.026,61.627,0.075
13,75.831,14.394,61.437,0.045,0.003,0.117,0.165,61.272,37,3,0.098,0.003,9.791,51.253,0.004,0.002,0.000,0.036,61.187,0.084
14,75.148,16.251,58.896,0.025,0.003,0.120,0.148,58.748,41,3,0.120,0.003,1.885,56.630,0.005,0.005,0.000,0.033,58.681,0.067
15,76.800,14.960,61.840,0.036,0.002,0.120,0.158,61.682,37,2,0.095,0.004,11.718,49.747,0.005,0.003,0.000,0.030,61.601,0.081
16,74.979,16.468,58.511,0.028,0.005,0.115,0.147,58.364,39,5,0.098,0.005,2.099,56.054,0.005,0.005,0.000,0.033,58.297,0.066
17,76.830,17.419,59.411,0.025,0.002,0.135,0.162,59.249,39,3,0.089,0.003,5.519,53.522,0.005,0.003,0.000,0.025,59.166,0.083
18,75.493,15.484,60.008,0.026,0.006,0.126,0.157,59.851,38,4,0.108,0.004,5.789,53.851,0.005,0.006,0.000,0.029,59.791,0.060
19,74.516,14.788,59.727,0.027,0.007,0.109,0.143,59.584,37,4,0.108,0.003,7.258,52.114,0.004,0.004,0.000,0.021,59.512,0.072
20,72.279,14.979,57.300,0.031,0.007,0.131,0.168,57.132,39,6,0.091,0.002,0.000,56.940,0.004,0.005,0.000,0.027,57.069,0.063
21,74.719,15.029,59.691,0.025,0.001,0.145,0.171,59.520,40,1,0.089,0.003,7.281,52.041,0.005,0.002,0.000,0.025,59.446,0.073
22,72.832,13.898,58.935,0.031,0.004,0.100,0.135,58.799,36,5,0.138,0.004,7.590,50.947,0.004,0.004,0.000,0.039,58.726,0.073
23,72.057,16.449,55.608,0.024,0.007,0.127,0.157,55.450,42,3,0.095,0.003,0.000,55.246,0.005,0.003,0.000,0.035,55.386,0.065
24,72.570,16.024,56.547,0.026,0.004,0.598,0.629,55.918,39,6,0.099,0.003,0.000,55.726,0.004,0.004,0.000,0.026,55.862,0.057
25,74.557,14.819,59.737,0.024,0.002,0.103,0.129,59.608,37,3,0.094,0.004,9.054,50.361,0.005,0.003,0.000,0.024,59.544,0.064
26,71.727,14.013,57.714,0.026,0.005,0.108,0.139,57.575,37,6,0.072,0.004,3.749,53.649,0.005,0.002,0.000,0.029,57.510,0.065
27,71.631,13.433,58.199,0.025,0.007,0.110,0.141,58.058,35,7,0.069,0.004,5.690,52.197,0.005,0.004,0.000,0.024,57.993,0.065
28,74.610,17.271,57.339,0.025,0.002,0.117,0.144,57.195,42,2,0.097,0.003,1.997,54.992,0.005,0.002,0.000,0.033,57.128,0.067
29,72.650,14.314,58.336,0.032,0.003,0.102,0.137,58.200,38,4,0.103,0.002,5.790,52.192,0.004,0.003,0.000,0.029,58.124,0.076
30,71.871,12.662,59.210,0.024,0.008,0.089,0.121,59.089,34,6,0.082,0.003,9.039,49.867,0.003,0.004,0.000,0.021,59.020,0.069
31,121.025,21.879,99.146,0.063,0.015,0.122,0.199,98.946,34,6,0.106,0.005,13.399,85.306,0.006,0.007,0.000,0.035,98.863,0.084
32,143.362,18.206,125.156,0.050,0.013,0.121,0.185,124.971,40,4,0.122,0.007,12.165,112.516,0.005,0.004,0.000,0.059,124.879,0.092
33,77.554,18.395,59.160,0.027,0.003,0.144,0.174,58.985,38,3,0.100,0.004,6.870,51.906,0.005,0.003,0.000,0.028,58.916,0.070
34,78.383,15.928,62.456,0.038,0.013,0.101,0.151,62.304,36,7,0.098,0.005,4.001,58.103,0.004,0.003,0.000,0.029,62.242,0.063
35,75.008,16.372,58.636,0.042,0.008,0.101,0.151,58.485,36,7,0.096,0.004,3.803,54.487,0.004,0.005,0.000,0.026,58.425,0.061
36,70.966,16.703,54.263,0.027,0.004,0.111,0.143,54.120,42,3,0.092,0.003,0.000,53.936,0.005,0.006,0.000,0.030,54.071,0.049
37,69.109,13.602,55.507,0.026,0.007,0.087,0.120,55.387,36,7,0.075,0.003,3.739,51.487,0.004,0.003,0.000,0.020,55.333,0.054
38,69.598,13.953,55.646,0.038,0.004,0.120,0.161,55.484,39,5,0.090,0.004,1.790,53.502,0.005,0.005,0.000,0.030,55.427,0.057
39,67.758,12.567,55.191,0.037,0.007,0.089,0.134,55.057,33,10,0.091,0.002,3.379,51.496,0.004,0.005,0.000,0.018,54.995,0.061
40,95.057,17.570,77.487,0.029,0.006,0.093,0.128,77.359,32,8,0.082,0.004,9.171,68.010,0.005,0.002,0.000,0.021,77.294,0.065
41,74.528,13.629,60.899,0.034,0.009,0.086,0.129,60.771,32,7,0.098,0.006,10.957,49.610,0.004,0.004,0.000,0.023,60.702,0.069
42,71.059,14.609,56.450,0.030,0.006,0.098,0.134,56.316,36,6,0.093,0.003,5.674,50.452,0.004,0.004,0.000,0.022,56.251,0.065
43,71.661,14.717,56.944,0.027,0.006,0.099,0.132,56.812,34,7,0.083,0.003,7.237,49.400,0.004,0.004,0.000,0.018,56.749,0.063
44,72.349,14.171,58.178,0.030,0.013,0.078,0.120,58.058,28,10,0.094,0.002,12.179,45.686,0.005,0.005,0.000,0.023,57.994,0.064
45,122.470,16.504,105.965,0.083,0.008,0.132,0.224,105.742,38,4,0.118,0.006,7.674,97.818,0.005,0.006,0.000,0.026,105.653,0.089
46,70.617,14.427,56.189,0.032,0.004,0.099,0.135,56.054,38,4,0.084,0.003,5.090,50.786,0.004,0.003,0.000,0.027,55.997,0.058
47,69.104,12.578,56.526,0.040,0.008,0.131,0.179,56.348,34,8,0.079,0.003,5.111,51.063,0.004,0.003,0.000,0.023,56.285,0.062
48,72.171,13.936,58.235,0.032,0.009,0.097,0.138,58.097,35,7,0.098,0.004,5.414,52.467,0.004,0.004,0.000,0.031,58.022,0.075
49,70.882,13.944,56.937,0.036,0.009,1.175,1.219,55.718,36,8,0.107,0.002,1.818,53.701,0.005,0.004,0.000,0.022,55.659,0.059
50,70.179,14.670,55.509,0.033,0.008,0.097,0.137,55.372,38,7,0.085,0.003,0.000,55.191,0.004,0.003,0.000,0.025,55.311,0.061

=== Phase 8 Operator Attribution Summary: 50 generations on setA-01 ===

Run result:
  best_obj        : 51.0126807372
  valid           : true
  generations_run : 50
  wall_clock_ms   : 4029

Component breakdown (totals across 50 generations):

  Component                             Total (ms)   % wall    Mean/gen      Stddev
  --------------------------------------------------------------------------------
  Wall-clock (total)                        4029.0   100.0%        80.6         0.0
    Eval (Phase B parallel)                  770.4    19.1%        15.4         2.8
    Non-eval overhead                       3150.5    78.2%        63.0        13.0
      L1 cache lookup                          1.5     0.0%         0.0         0.0
      L1 cache materialize                     0.3     0.0%         0.0         0.0
      L1 cache insert                          7.6     0.2%         0.2         0.2
      L1 cache total                           9.4     0.2%         0.2         0.2
      Unattributed overhead                 3141.1    78.0%        62.8        13.1
  --------------------------------------------------------------------------------
  Phase 8 operator breakdown (subset of unattributed):
      Crossover                                4.8     0.1%         0.1         0.0
      Mutation                                 0.2     0.0%         0.0         0.0
      Repair (process_offspring)             384.7     9.5%         7.7         7.1
      Improve (process_offspring)           2746.1    68.2%        54.9        12.7
      Sort                                     0.2     0.0%         0.0         0.0
      Selection                                0.2     0.0%         0.0         0.0
      Feasibility check                        0.0     0.0%         0.0         0.0
      Staging overhead                         1.4     0.0%         0.0         0.0
      Attributed total                      3137.5    77.9%        62.8        13.0
      Rayon residual                           3.5     0.1%         0.1         0.0

Phase 8 attribution gate: attributed_ms / unattributed_ms = 99.9%
  GATE PASS: >= 80% attribution achieved.

Note: 'Rayon residual' = unattributed_ms - attributed_ms.
      This is an accounting residual, NOT proof of Rayon causality.
      It includes Rayon spawn/join + any other unmeasured overhead.

Phase 7 baseline invariants:
  best_obj       : 51.0126807372
  n_actual_evals : 1802
  generations    : 50
  valid          : true
  cache_hits     : 250
