warning: unused import: `LocalSearchOperator`
 --> coralys-moga/src/observatory.rs:2:42
  |
2 |     Evaluated, FitnessEvaluator, Genome, LocalSearchOperator, ObservedTransitionMetric,
  |                                          ^^^^^^^^^^^^^^^^^^^
  |
  = note: `#[warn(unused_imports)]` (part of `#[warn(unused)]`) on by default

warning: variable `elite_preserved` is assigned to, but never used
   --> coralys-moga/src/engine.rs:312:17
    |
312 |         let mut elite_preserved: usize;
    |                 ^^^^^^^^^^^^^^^
    |
    = note: consider using `_elite_preserved` instead
    = note: `#[warn(unused_variables)]` (part of `#[warn(unused)]`) on by default

warning: variable `crossover_ops` is assigned to, but never used
   --> coralys-moga/src/engine.rs:313:17
    |
313 |         let mut crossover_ops: usize;
    |                 ^^^^^^^^^^^^^
    |
    = note: consider using `_crossover_ops` instead

warning: variable `mutation_ops` is assigned to, but never used
   --> coralys-moga/src/engine.rs:314:17
    |
314 |         let mut mutation_ops: usize;
    |                 ^^^^^^^^^^^^
    |
    = note: consider using `_mutation_ops` instead

warning: value assigned to `elite_preserved` is never read
   --> coralys-moga/src/engine.rs:488:13
    |
488 |             elite_preserved = config.elite_count;
    |             ^^^^^^^^^^^^^^^
    |
    = help: maybe it is overwritten before being read?
    = note: `#[warn(unused_assignments)]` (part of `#[warn(unused)]`) on by default

warning: `coralys-moga` (lib) generated 5 warnings (run `cargo fix --lib -p coralys-moga` to apply 1 suggestion)
warning: unused import: `expand_sr_path`
 --> adapters/roadef/src/constraints.rs:1:19
  |
1 | use crate::ecmp::{expand_sr_path, expand_sr_path_cached};
  |                   ^^^^^^^^^^^^^^
  |
  = note: `#[warn(unused_imports)]` (part of `#[warn(unused)]`) on by default

warning: value assigned to `termination_reason` is never read
    --> adapters/roadef/src/moga_impl.rs:1532:13
     |
1532 |     let mut termination_reason = String::new(); // set before every break in the loop below
     |             ^^^^^^^^^^^^^^^^^^
     |
     = help: maybe it is overwritten before being read?
     = note: `#[warn(unused_assignments)]` (part of `#[warn(unused)]`) on by default

warning: variable `t_telemetry_ms` is assigned to, but never used
    --> adapters/roadef/src/moga_impl.rs:1582:17
     |
1582 |         let mut t_telemetry_ms: f64 = 0.0;
     |                 ^^^^^^^^^^^^^^
     |
     = note: consider using `_t_telemetry_ms` instead
     = note: `#[warn(unused_variables)]` (part of `#[warn(unused)]`) on by default

warning: value assigned to `t_telemetry_ms` is never read
    --> adapters/roadef/src/moga_impl.rs:2272:13
     |
2272 |             t_telemetry_ms += t_tel_start.elapsed().as_secs_f64() * 1000.0;
     |             ^^^^^^^^^^^^^^
     |
     = help: maybe it is overwritten before being read?

warning: unused variable: `run_uuid`
    --> adapters/roadef/src/moga_impl.rs:2655:9
     |
2655 |     let run_uuid = {
     |         ^^^^^^^^ help: if this is intentional, prefix it with an underscore: `_run_uuid`

warning: unused variable: `g`
    --> adapters/roadef/src/moga_impl.rs:2789:21
     |
2789 |             let mut g = if rng.gen_bool(config.crossover_rate) && population.len() >= 2 {
     |                     ^
     |
help: if this is intentional, prefix it with an underscore
     |
2789 |             let mut _g = if rng.gen_bool(config.crossover_rate) && population.len() >= 2 {
     |                     +
help: you might have meant to pattern match on the similarly named constant `_`
     |
2789 -             let mut g = if rng.gen_bool(config.crossover_rate) && population.len() >= 2 {
2789 +             let mut telemetry::_ = if rng.gen_bool(config.crossover_rate) && population.len() >= 2 {
     |

warning: value assigned to `best_g` is never read
    --> adapters/roadef/src/moga_impl.rs:2809:29
     |
2809 | ...                   best_g = repaired;
     |                       ^^^^^^
     |
     = help: maybe it is overwritten before being read?

warning: value assigned to `best_g` is never read
    --> adapters/roadef/src/moga_impl.rs:2852:29
     |
2852 | ...                   best_g = repaired;
     |                       ^^^^^^
     |
     = help: maybe it is overwritten before being read?

warning: unused variable: `telemetry`
    --> adapters/roadef/src/moga_impl.rs:2645:5
     |
2645 |     telemetry: &mut dyn TelemetrySink,
     |     ^^^^^^^^^ help: if this is intentional, prefix it with an underscore: `_telemetry`

warning: variable does not need to be mutable
    --> adapters/roadef/src/moga_impl.rs:2789:17
     |
2789 |             let mut g = if rng.gen_bool(config.crossover_rate) && population.len() >= 2 {
     |                 ----^
     |                 |
     |                 help: remove this `mut`
     |
     = note: `#[warn(unused_mut)]` (part of `#[warn(unused)]`) on by default

warning: variable does not need to be mutable
    --> adapters/roadef/src/moga_impl.rs:2792:22
     |
2792 |                 let (mut child1, _child2) = crossover.crossover(p1, p2, &mut rng);
     |                      ----^^^^^^
     |                      |
     |                      help: remove this `mut`

warning: unused variable: `evaluation_cache`
  --> adapters/roadef/src/pipeline_impl.rs:63:13
   |
63 |     let mut evaluation_cache: std::collections::HashMap<RoadefGenome, RoadefEvaluation> =
   |             ^^^^^^^^^^^^^^^^ help: if this is intentional, prefix it with an underscore: `_evaluation_cache`

warning: value assigned to `termination_reason` is never read
   --> adapters/roadef/src/pipeline_impl.rs:295:13
    |
295 |     let mut termination_reason = String::new(); // set before every break in the loop below
    |             ^^^^^^^^^^^^^^^^^^
    |
    = help: maybe it is overwritten before being read?

warning: unused variable: `trajectory`
   --> adapters/roadef/src/pipeline_impl.rs:322:13
    |
322 |     let mut trajectory: Vec<crate::moga_impl::GenerationSummary> = Vec::new();
    |             ^^^^^^^^^^ help: if this is intentional, prefix it with an underscore: `_trajectory`

warning: unused variable: `gen_start`
   --> adapters/roadef/src/pipeline_impl.rs:324:13
    |
324 |         let gen_start = std::time::Instant::now();
    |             ^^^^^^^^^ help: if this is intentional, prefix it with an underscore: `_gen_start`

warning: unused variable: `t_eval_ms`
   --> adapters/roadef/src/pipeline_impl.rs:352:17
    |
352 |         let mut t_eval_ms: f64 = 0.0;
    |                 ^^^^^^^^^ help: if this is intentional, prefix it with an underscore: `_t_eval_ms`

warning: variable `t_telemetry_ms` is assigned to, but never used
   --> adapters/roadef/src/pipeline_impl.rs:353:17
    |
353 |         let mut t_telemetry_ms: f64 = 0.0;
    |                 ^^^^^^^^^^^^^^
    |
    = note: consider using `_t_telemetry_ms` instead

warning: value assigned to `ca_tag` is never read
   --> adapters/roadef/src/pipeline_impl.rs:680:25
    |
680 |                 let mut ca_tag: &'static str = "crossover";
    |                         ^^^^^^
    |
    = help: maybe it is overwritten before being read?

warning: value assigned to `cb_tag` is never read
   --> adapters/roadef/src/pipeline_impl.rs:681:25
    |
681 |                 let mut cb_tag: &'static str = "crossover";
    |                         ^^^^^^
    |
    = help: maybe it is overwritten before being read?

warning: value assigned to `ca_tag` is never read
   --> adapters/roadef/src/pipeline_impl.rs:686:21
    |
686 |                     ca_tag = "crossover+mutation";
    |                     ^^^^^^
    |
    = help: maybe it is overwritten before being read?

warning: value assigned to `cb_tag` is never read
   --> adapters/roadef/src/pipeline_impl.rs:690:21
    |
690 |                     cb_tag = "crossover+mutation";
    |                     ^^^^^^
    |
    = help: maybe it is overwritten before being read?

warning: value assigned to `child_tag` is never read
   --> adapters/roadef/src/pipeline_impl.rs:965:25
    |
965 |                 let mut child_tag = "mutation";
    |                         ^^^^^^^^^
    |
    = help: maybe it is overwritten before being read?

warning: unused variable: `t_eval_start`
    --> adapters/roadef/src/pipeline_impl.rs:1084:13
     |
1084 |         let t_eval_start = Instant::now();
     |             ^^^^^^^^^^^^ help: if this is intentional, prefix it with an underscore: `_t_eval_start`

warning: unused variable: `t_eval_start`
    --> adapters/roadef/src/pipeline_impl.rs:1100:13
     |
1100 |         let t_eval_start = std::time::Instant::now();
     |             ^^^^^^^^^^^^ help: if this is intentional, prefix it with an underscore: `_t_eval_start`

warning: value assigned to `t_telemetry_ms` is never read
    --> adapters/roadef/src/pipeline_impl.rs:1353:13
     |
1353 |             t_telemetry_ms += t_tel_start.elapsed().as_secs_f64() * 1000.0;
     |             ^^^^^^^^^^^^^^
     |
     = help: maybe it is overwritten before being read?

warning: variable does not need to be mutable
  --> adapters/roadef/src/pipeline_impl.rs:63:9
   |
63 |     let mut evaluation_cache: std::collections::HashMap<RoadefGenome, RoadefEvaluation> =
   |         ----^^^^^^^^^^^^^^^^
   |         |
   |         help: remove this `mut`

warning: variable does not need to be mutable
   --> adapters/roadef/src/pipeline_impl.rs:322:9
    |
322 |     let mut trajectory: Vec<crate::moga_impl::GenerationSummary> = Vec::new();
    |         ----^^^^^^^^^^
    |         |
    |         help: remove this `mut`

warning: variable does not need to be mutable
   --> adapters/roadef/src/pipeline_impl.rs:352:13
    |
352 |         let mut t_eval_ms: f64 = 0.0;
    |             ----^^^^^^^^^
    |             |
    |             help: remove this `mut`

warning: unused variable: `run_uuid`
    --> adapters/roadef/src/pipeline_impl.rs:1683:9
     |
1683 |     let run_uuid = {
     |         ^^^^^^^^ help: if this is intentional, prefix it with an underscore: `_run_uuid`

warning: unused variable: `t_health`
    --> adapters/roadef/src/pipeline_impl.rs:1787:13
     |
1787 |     let mut t_health = Instant::now();
     |             ^^^^^^^^ help: if this is intentional, prefix it with an underscore: `_t_health`

warning: value assigned to `tag` is never read
    --> adapters/roadef/src/pipeline_impl.rs:1909:25
     |
1909 |                 let mut tag = "crossover_mutation";
     |                         ^^^
     |
     = help: maybe it is overwritten before being read?

warning: value assigned to `tag` is never read
    --> adapters/roadef/src/pipeline_impl.rs:1968:25
     |
1968 |                 let mut tag = "mutation";
     |                         ^^^
     |
     = help: maybe it is overwritten before being read?

warning: unused variable: `telemetry`
    --> adapters/roadef/src/pipeline_impl.rs:1670:5
     |
1670 |     telemetry: &mut dyn TelemetrySink,
     |     ^^^^^^^^^ help: if this is intentional, prefix it with an underscore: `_telemetry`

warning: variable does not need to be mutable
    --> adapters/roadef/src/pipeline_impl.rs:1787:9
     |
1787 |     let mut t_health = Instant::now();
     |         ----^^^^^^^^
     |         |
     |         help: remove this `mut`

warning: variable does not need to be mutable
    --> adapters/roadef/src/pipeline_impl.rs:1811:13
     |
1811 |         let mut t_feasibility_ms: f64 = 0.0;
     |             ----^^^^^^^^^^^^^^^^
     |             |
     |             help: remove this `mut`

warning: variable does not need to be mutable
    --> adapters/roadef/src/pipeline_impl.rs:1837:13
     |
1837 |         let mut n_cross_repair = 0;
     |             ----^^^^^^^^^^^^^^
     |             |
     |             help: remove this `mut`

warning: variable does not need to be mutable
    --> adapters/roadef/src/pipeline_impl.rs:1838:13
     |
1838 |         let mut n_mut_repair = 0;
     |             ----^^^^^^^^^^^^
     |             |
     |             help: remove this `mut`

warning: variable does not need to be mutable
    --> adapters/roadef/src/pipeline_impl.rs:1839:13
     |
1839 |         let mut n_cross_maj = 0;
     |             ----^^^^^^^^^^^
     |             |
     |             help: remove this `mut`

warning: variable does not need to be mutable
    --> adapters/roadef/src/pipeline_impl.rs:1840:13
     |
1840 |         let mut n_mut_maj = 0;
     |             ----^^^^^^^^^
     |             |
     |             help: remove this `mut`

warning: `roadef` (lib) generated 39 warnings (run `cargo fix --lib -p roadef` to apply 13 suggestions)
    Finished `release` profile [optimized] target(s) in 0.33s
     Running `target/release/phase10c6a_concentration --seed 42 --genomes 50`
=== P10-C6-A Concentration Characterization ===
Governance: CHARACTERIZATION ONLY — no intervention, Coralys core FROZEN
Authorization: 2026-08-29 (commit 0accb1e44)
Instance: setA-13 | Seed: 42 | Genomes: 50
Baseline: 37/50 feasible, arc658_sel=2009, max_sat=1.0128
Key question: is there a reproducible N_658(t) threshold
  associated with irreversible overload?

Network: 200 nodes, 1000 links | Demands: 2000 | Slots: 2
--- genome_0_trajectory ---
step,n_routed,arc658_in_path,n_658_cumul,conc_share,sat_before,sat_after,alt_avoiding_658
0,1,0,0,0.0000,0.0000,0.0000,0
1,2,0,0,0.0000,0.0000,0.0000,0
2,3,0,0,0.0000,0.0000,0.0000,0
3,4,0,0,0.0000,0.0000,0.0000,0
4,5,0,0,0.0000,0.0000,0.0000,0
5,6,0,0,0.0000,0.0000,0.0000,0
6,7,0,0,0.0000,0.0000,0.0000,0
7,8,0,0,0.0000,0.0000,0.0000,0
8,9,0,0,0.0000,0.0000,0.0000,0
9,10,0,0,0.0000,0.0000,0.0000,0
10,11,0,0,0.0000,0.0000,0.0000,0
11,12,0,0,0.0000,0.0000,0.0000,0
12,13,0,0,0.0000,0.0000,0.0000,0
13,14,0,0,0.0000,0.0000,0.0000,0
14,15,0,0,0.0000,0.0000,0.0000,0
15,16,0,0,0.0000,0.0000,0.0000,0
16,17,1,1,0.0588,0.0000,0.0000,1
17,18,0,1,0.0556,0.0000,0.0000,0
18,19,0,1,0.0526,0.0000,0.0000,0
19,20,0,1,0.0500,0.0000,0.0000,0
20,21,0,1,0.0476,0.0000,0.0000,0
21,22,0,1,0.0455,0.0000,0.0000,0
22,23,0,1,0.0435,0.0000,0.0000,0
23,24,0,1,0.0417,0.0000,0.0000,0
24,25,0,1,0.0400,0.0000,0.0000,0
25,26,0,1,0.0385,0.0000,0.0000,0
26,27,0,1,0.0370,0.0000,0.0000,0
27,28,0,1,0.0357,0.0000,0.0000,0
28,29,0,1,0.0345,0.0000,0.0000,0
29,30,0,1,0.0333,0.0000,0.0000,0
30,31,0,1,0.0323,0.0000,0.0000,0
31,32,0,1,0.0312,0.0000,0.0000,0
32,33,0,1,0.0303,0.0000,0.0000,0
33,34,0,1,0.0294,0.0000,0.0000,0
34,35,0,1,0.0286,0.0000,0.0000,0
35,36,0,1,0.0278,0.0000,0.0000,0
36,37,0,1,0.0270,0.0000,0.0000,0
37,38,0,1,0.0263,0.0000,0.0000,0
38,39,0,1,0.0256,0.0000,0.0000,0
39,40,0,1,0.0250,0.0000,0.0000,0
40,41,0,1,0.0244,0.0000,0.0000,0
41,42,0,1,0.0238,0.0000,0.0000,0
42,43,0,1,0.0233,0.0000,0.0000,0
43,44,0,1,0.0227,0.0000,0.0000,0
44,45,1,2,0.0444,0.0000,0.0000,1
45,46,0,2,0.0435,0.0000,0.0000,0
46,47,0,2,0.0426,0.0000,0.0000,0
47,48,0,2,0.0417,0.0000,0.0000,0
48,49,0,2,0.0408,0.0000,0.0000,0
49,50,0,2,0.0400,0.0000,0.0000,0
50,51,0,2,0.0392,0.0000,0.0000,0
51,52,0,2,0.0385,0.0000,0.0000,0
52,53,0,2,0.0377,0.0000,0.0000,0
53,54,0,2,0.0370,0.0000,0.0000,0
54,55,0,2,0.0364,0.0000,0.0000,0
55,56,0,2,0.0357,0.0000,0.0000,0
56,57,0,2,0.0351,0.0000,0.0000,0
57,58,0,2,0.0345,0.0000,0.0000,0
58,59,0,2,0.0339,0.0000,0.0000,0
59,60,0,2,0.0333,0.0000,0.0000,0
60,61,0,2,0.0328,0.0000,0.0000,0
61,62,0,2,0.0323,0.0000,0.0000,0
62,63,0,2,0.0317,0.0000,0.0000,0
63,64,0,2,0.0312,0.0000,0.0000,0
64,65,0,2,0.0308,0.0000,0.0000,0
65,66,0,2,0.0303,0.0000,0.0000,0
66,67,0,2,0.0299,0.0000,0.0000,0
67,68,0,2,0.0294,0.0000,0.0000,0
68,69,0,2,0.0290,0.0000,0.0000,0
69,70,0,2,0.0286,0.0000,0.0000,0
70,71,0,2,0.0282,0.0000,0.0000,0
71,72,0,2,0.0278,0.0000,0.0000,0
72,73,0,2,0.0274,0.0000,0.0000,0
73,74,0,2,0.0270,0.0000,0.0000,0
74,75,0,2,0.0267,0.0000,0.0000,0
75,76,0,2,0.0263,0.0000,0.0000,0
76,77,0,2,0.0260,0.0000,0.0000,0
77,78,0,2,0.0256,0.0000,0.0000,0
78,79,0,2,0.0253,0.0000,0.0000,0
79,80,0,2,0.0250,0.0000,0.0000,0
80,81,0,2,0.0247,0.0000,0.0000,0
81,82,0,2,0.0244,0.0000,0.0000,0
82,83,0,2,0.0241,0.0000,0.0000,0
83,84,0,2,0.0238,0.0000,0.0000,0
84,85,0,2,0.0235,0.0000,0.0000,0
85,86,0,2,0.0233,0.0000,0.0000,0
86,87,0,2,0.0230,0.0000,0.0000,0
87,88,0,2,0.0227,0.0000,0.0000,0
88,89,0,2,0.0225,0.0000,0.0000,0
89,90,0,2,0.0222,0.0000,0.0000,0
90,91,0,2,0.0220,0.0000,0.0000,0
91,92,0,2,0.0217,0.0000,0.0000,0
92,93,0,2,0.0215,0.0000,0.0000,0
93,94,0,2,0.0213,0.0000,0.0000,0
94,95,0,2,0.0211,0.0000,0.0000,0
95,96,0,2,0.0208,0.0000,0.0000,0
96,97,0,2,0.0206,0.0000,0.0000,0
97,98,0,2,0.0204,0.0000,0.0000,0
98,99,1,3,0.0303,0.0000,0.0000,1
99,100,0,3,0.0300,0.0000,0.0000,0
100,101,0,3,0.0297,0.0000,0.0000,0
101,102,0,3,0.0294,0.0000,0.0000,0
102,103,0,3,0.0291,0.0000,0.0000,0
103,104,0,3,0.0288,0.0000,0.0000,0
104,105,0,3,0.0286,0.0000,0.0000,0
105,106,1,4,0.0377,0.0000,0.0000,1
106,107,0,4,0.0374,0.0000,0.0000,0
107,108,0,4,0.0370,0.0000,0.0000,0
108,109,0,4,0.0367,0.0000,0.0000,0
109,110,0,4,0.0364,0.0000,0.0000,0
110,111,0,4,0.0360,0.0000,0.0000,0
111,112,0,4,0.0357,0.0000,0.0000,0
112,113,0,4,0.0354,0.0000,0.0000,0
113,114,0,4,0.0351,0.0000,0.0000,0
114,115,0,4,0.0348,0.0000,0.0000,0
115,116,0,4,0.0345,0.0000,0.0000,0
116,117,0,4,0.0342,0.0000,0.0000,0
117,118,0,4,0.0339,0.0000,0.0000,0
118,119,0,4,0.0336,0.0000,0.0000,0
119,120,0,4,0.0333,0.0000,0.0000,0
120,121,0,4,0.0331,0.0000,0.0000,0
121,122,0,4,0.0328,0.0000,0.0000,0
122,123,0,4,0.0325,0.0000,0.0000,0
123,124,0,4,0.0323,0.0000,0.0000,0
124,125,0,4,0.0320,0.0000,0.0000,0
125,126,0,4,0.0317,0.0000,0.0000,0
126,127,0,4,0.0315,0.0000,0.0000,0
127,128,0,4,0.0312,0.0000,0.0000,0
128,129,0,4,0.0310,0.0000,0.0000,0
129,130,0,4,0.0308,0.0000,0.0000,0
130,131,0,4,0.0305,0.0000,0.0000,0
131,132,0,4,0.0303,0.0000,0.0000,0
132,133,0,4,0.0301,0.0000,0.0000,0
133,134,0,4,0.0299,0.0000,0.0000,0
134,135,0,4,0.0296,0.0000,0.0000,0
135,136,0,4,0.0294,0.0000,0.0000,0
136,137,0,4,0.0292,0.0000,0.0000,0
137,138,0,4,0.0290,0.0000,0.0000,0
138,139,1,5,0.0360,0.0000,0.0385,1
139,140,0,5,0.0357,0.0385,0.0385,0
140,141,0,5,0.0355,0.0385,0.0385,0
141,142,1,6,0.0423,0.0385,0.0470,1
142,143,0,6,0.0420,0.0470,0.0470,0
143,144,0,6,0.0417,0.0470,0.0470,0
144,145,0,6,0.0414,0.0470,0.0470,0
145,146,0,6,0.0411,0.0470,0.0470,0
146,147,0,6,0.0408,0.0470,0.0470,0
147,148,0,6,0.0405,0.0470,0.0470,0
148,149,0,6,0.0403,0.0470,0.0470,0
149,150,0,6,0.0400,0.0470,0.0470,0
150,151,0,6,0.0397,0.0470,0.0470,0
151,152,0,6,0.0395,0.0470,0.0470,0
152,153,0,6,0.0392,0.0470,0.0470,0
153,154,0,6,0.0390,0.0470,0.0470,0
154,155,0,6,0.0387,0.0470,0.0470,0
155,156,0,6,0.0385,0.0470,0.0470,0
156,157,0,6,0.0382,0.0470,0.0470,0
157,158,0,6,0.0380,0.0470,0.0470,0
158,159,0,6,0.0377,0.0470,0.0470,0
159,160,0,6,0.0375,0.0470,0.0470,0
160,161,0,6,0.0373,0.0470,0.0470,0
161,162,0,6,0.0370,0.0470,0.0470,0
162,163,0,6,0.0368,0.0470,0.0470,0
163,164,0,6,0.0366,0.0470,0.0470,0
164,165,0,6,0.0364,0.0470,0.0470,0
165,166,0,6,0.0361,0.0470,0.0470,0
166,167,1,7,0.0419,0.0470,0.0470,1
167,168,0,7,0.0417,0.0470,0.0470,0
168,169,0,7,0.0414,0.0470,0.0470,0
169,170,0,7,0.0412,0.0470,0.0470,0
170,171,0,7,0.0409,0.0470,0.0470,0
171,172,0,7,0.0407,0.0470,0.0470,0
172,173,0,7,0.0405,0.0470,0.0470,0
173,174,0,7,0.0402,0.0470,0.0470,0
174,175,0,7,0.0400,0.0470,0.0470,0
175,176,0,7,0.0398,0.0470,0.0470,0
176,177,0,7,0.0395,0.0470,0.0470,0
177,178,0,7,0.0393,0.0470,0.0470,0
178,179,0,7,0.0391,0.0470,0.0470,0
179,180,0,7,0.0389,0.0470,0.0470,0
180,181,0,7,0.0387,0.0470,0.0470,0
181,182,0,7,0.0385,0.0470,0.0470,0
182,183,0,7,0.0383,0.0470,0.0470,0
183,184,0,7,0.0380,0.0470,0.0470,0
184,185,1,8,0.0432,0.0470,0.0470,1
185,186,0,8,0.0430,0.0470,0.0470,0
186,187,0,8,0.0428,0.0470,0.0470,0
187,188,0,8,0.0426,0.0470,0.0470,0
188,189,0,8,0.0423,0.0470,0.0470,0
189,190,0,8,0.0421,0.0470,0.0470,0
190,191,0,8,0.0419,0.0470,0.0470,0
191,192,0,8,0.0417,0.0470,0.0470,0
192,193,0,8,0.0415,0.0470,0.0470,0
193,194,0,8,0.0412,0.0470,0.0470,0
194,195,0,8,0.0410,0.0470,0.0470,0
195,196,0,8,0.0408,0.0470,0.0470,0
196,197,0,8,0.0406,0.0470,0.0470,0
197,198,0,8,0.0404,0.0470,0.0470,0
198,199,0,8,0.0402,0.0470,0.0470,0
199,200,0,8,0.0400,0.0470,0.0470,0
200,201,0,8,0.0398,0.0470,0.0470,0
201,202,0,8,0.0396,0.0470,0.0470,0
202,203,0,8,0.0394,0.0470,0.0470,0
203,204,0,8,0.0392,0.0470,0.0470,0
204,205,0,8,0.0390,0.0470,0.0470,0
205,206,0,8,0.0388,0.0470,0.0470,0
206,207,0,8,0.0386,0.0470,0.0470,0
207,208,0,8,0.0385,0.0470,0.0470,0
208,209,0,8,0.0383,0.0470,0.0470,0
209,210,0,8,0.0381,0.0470,0.0470,0
210,211,0,8,0.0379,0.0470,0.0470,0
211,212,0,8,0.0377,0.0470,0.0470,0
212,213,0,8,0.0376,0.0470,0.0470,0
213,214,0,8,0.0374,0.0470,0.0470,0
214,215,0,8,0.0372,0.0470,0.0470,0
215,216,0,8,0.0370,0.0470,0.0470,0
216,217,0,8,0.0369,0.0470,0.0470,0
217,218,0,8,0.0367,0.0470,0.0470,0
218,219,0,8,0.0365,0.0470,0.0470,0
219,220,0,8,0.0364,0.0470,0.0470,0
220,221,0,8,0.0362,0.0470,0.0470,0
221,222,0,8,0.0360,0.0470,0.0470,0
222,223,0,8,0.0359,0.0470,0.0470,0
223,224,0,8,0.0357,0.0470,0.0470,0
224,225,0,8,0.0356,0.0470,0.0470,0
225,226,0,8,0.0354,0.0470,0.0470,0
226,227,0,8,0.0352,0.0470,0.0470,0
227,228,0,8,0.0351,0.0470,0.0470,0
228,229,0,8,0.0349,0.0470,0.0470,0
229,230,0,8,0.0348,0.0470,0.0470,0
230,231,0,8,0.0346,0.0470,0.0470,0
231,232,0,8,0.0345,0.0470,0.0470,0
232,233,0,8,0.0343,0.0470,0.0470,0
233,234,0,8,0.0342,0.0470,0.0470,0
234,235,0,8,0.0340,0.0470,0.0470,0
235,236,0,8,0.0339,0.0470,0.0470,0
236,237,0,8,0.0338,0.0470,0.0470,0
237,238,0,8,0.0336,0.0470,0.0470,0
238,239,0,8,0.0335,0.0470,0.0470,0
239,240,0,8,0.0333,0.0470,0.0470,0
240,241,0,8,0.0332,0.0470,0.0470,0
241,242,0,8,0.0331,0.0470,0.0470,0
242,243,0,8,0.0329,0.0470,0.0470,0
243,244,0,8,0.0328,0.0470,0.0470,0
244,245,0,8,0.0327,0.0470,0.0470,0
245,246,0,8,0.0325,0.0470,0.0470,0
246,247,0,8,0.0324,0.0470,0.0470,0
247,248,0,8,0.0323,0.0470,0.0470,0
248,249,0,8,0.0321,0.0470,0.0470,0
249,250,0,8,0.0320,0.0470,0.0470,0
250,251,0,8,0.0319,0.0470,0.0470,0
251,252,0,8,0.0317,0.0470,0.0470,0
252,253,0,8,0.0316,0.0470,0.0470,0
253,254,0,8,0.0315,0.0470,0.0470,0
254,255,0,8,0.0314,0.0470,0.0470,0
255,256,0,8,0.0312,0.0470,0.0470,0
256,257,0,8,0.0311,0.0470,0.0470,0
257,258,0,8,0.0310,0.0470,0.0470,0
258,259,0,8,0.0309,0.0470,0.0470,0
259,260,0,8,0.0308,0.0470,0.0470,0
260,261,0,8,0.0307,0.0470,0.0470,0
261,262,0,8,0.0305,0.0470,0.0470,0
262,263,0,8,0.0304,0.0470,0.0470,0
263,264,0,8,0.0303,0.0470,0.0470,0
264,265,0,8,0.0302,0.0470,0.0470,0
265,266,0,8,0.0301,0.0470,0.0470,0
266,267,0,8,0.0300,0.0470,0.0470,0
267,268,0,8,0.0299,0.0470,0.0470,0
268,269,0,8,0.0297,0.0470,0.0470,0
269,270,0,8,0.0296,0.0470,0.0470,0
270,271,0,8,0.0295,0.0470,0.0470,0
271,272,0,8,0.0294,0.0470,0.0470,0
272,273,0,8,0.0293,0.0470,0.0470,0
273,274,0,8,0.0292,0.0470,0.0470,0
274,275,0,8,0.0291,0.0470,0.0470,0
275,276,0,8,0.0290,0.0470,0.0470,0
276,277,0,8,0.0289,0.0470,0.0470,0
277,278,0,8,0.0288,0.0470,0.0470,0
278,279,0,8,0.0287,0.0470,0.0470,0
279,280,0,8,0.0286,0.0470,0.0470,0
280,281,0,8,0.0285,0.0470,0.0470,0
281,282,0,8,0.0284,0.0470,0.0470,0
282,283,0,8,0.0283,0.0470,0.0470,0
283,284,0,8,0.0282,0.0470,0.0470,0
284,285,0,8,0.0281,0.0470,0.0470,0
285,286,0,8,0.0280,0.0470,0.0470,0
286,287,0,8,0.0279,0.0470,0.0470,0
287,288,0,8,0.0278,0.0470,0.0470,0
288,289,0,8,0.0277,0.0470,0.0470,0
289,290,0,8,0.0276,0.0470,0.0470,0
290,291,0,8,0.0275,0.0470,0.0470,0
291,292,0,8,0.0274,0.0470,0.0470,0
292,293,0,8,0.0273,0.0470,0.0470,0
293,294,0,8,0.0272,0.0470,0.0470,0
294,295,0,8,0.0271,0.0470,0.0470,0
295,296,0,8,0.0270,0.0470,0.0470,0
296,297,0,8,0.0269,0.0470,0.0470,0
297,298,0,8,0.0268,0.0470,0.0470,0
298,299,0,8,0.0268,0.0470,0.0470,0
299,300,0,8,0.0267,0.0470,0.0470,0
300,301,0,8,0.0266,0.0470,0.0470,0
301,302,0,8,0.0265,0.0470,0.0470,0
302,303,0,8,0.0264,0.0470,0.0470,0
303,304,0,8,0.0263,0.0470,0.0470,0
304,305,0,8,0.0262,0.0470,0.0470,0
305,306,0,8,0.0261,0.0470,0.0470,0
306,307,0,8,0.0261,0.0470,0.0470,0
307,308,0,8,0.0260,0.0470,0.0470,0
308,309,0,8,0.0259,0.0470,0.0470,0
309,310,0,8,0.0258,0.0470,0.0470,0
310,311,0,8,0.0257,0.0470,0.0470,0
311,312,0,8,0.0256,0.0470,0.0470,0
312,313,0,8,0.0256,0.0470,0.0470,0
313,314,0,8,0.0255,0.0470,0.0470,0
314,315,0,8,0.0254,0.0470,0.0470,0
315,316,0,8,0.0253,0.0470,0.0470,0
316,317,0,8,0.0252,0.0470,0.0470,0
317,318,0,8,0.0252,0.0470,0.0470,0
318,319,0,8,0.0251,0.0470,0.0470,0
319,320,0,8,0.0250,0.0470,0.0470,0
320,321,0,8,0.0249,0.0470,0.0470,0
321,322,0,8,0.0248,0.0470,0.0470,0
322,323,0,8,0.0248,0.0470,0.0470,0
323,324,0,8,0.0247,0.0470,0.0470,0
324,325,0,8,0.0246,0.0470,0.0470,0
325,326,0,8,0.0245,0.0470,0.0470,0
326,327,0,8,0.0245,0.0470,0.0470,0
327,328,0,8,0.0244,0.0470,0.0470,0
328,329,0,8,0.0243,0.0470,0.0470,0
329,330,0,8,0.0242,0.0470,0.0470,0
330,331,0,8,0.0242,0.0470,0.0470,0
331,332,0,8,0.0241,0.0470,0.0470,0
332,333,0,8,0.0240,0.0470,0.0470,0
333,334,0,8,0.0240,0.0470,0.0470,0
334,335,0,8,0.0239,0.0470,0.0470,0
335,336,0,8,0.0238,0.0470,0.0470,0
336,337,0,8,0.0237,0.0470,0.0470,0
337,338,0,8,0.0237,0.0470,0.0470,0
338,339,0,8,0.0236,0.0470,0.0470,0
339,340,0,8,0.0235,0.0470,0.0470,0
340,341,0,8,0.0235,0.0470,0.0470,0
341,342,0,8,0.0234,0.0470,0.0470,0
342,343,0,8,0.0233,0.0470,0.0470,0
343,344,0,8,0.0233,0.0470,0.0470,0
344,345,0,8,0.0232,0.0470,0.0470,0
345,346,0,8,0.0231,0.0470,0.0470,0
346,347,0,8,0.0231,0.0470,0.0470,0
347,348,0,8,0.0230,0.0470,0.0470,0
348,349,0,8,0.0229,0.0470,0.0470,0
349,350,0,8,0.0229,0.0470,0.0470,0
350,351,0,8,0.0228,0.0470,0.0470,0
351,352,0,8,0.0227,0.0470,0.0470,0
352,353,0,8,0.0227,0.0470,0.0470,0
353,354,0,8,0.0226,0.0470,0.0470,0
354,355,0,8,0.0225,0.0470,0.0470,0
355,356,0,8,0.0225,0.0470,0.0470,0
356,357,0,8,0.0224,0.0470,0.0470,0
357,358,0,8,0.0223,0.0470,0.0470,0
358,359,0,8,0.0223,0.0470,0.0470,0
359,360,0,8,0.0222,0.0470,0.0470,0
360,361,0,8,0.0222,0.0470,0.0470,0
361,362,0,8,0.0221,0.0470,0.0470,0
362,363,0,8,0.0220,0.0470,0.0470,0
363,364,0,8,0.0220,0.0470,0.0470,0
364,365,0,8,0.0219,0.0470,0.0470,0
365,366,0,8,0.0219,0.0470,0.0470,0
366,367,0,8,0.0218,0.0470,0.0470,0
367,368,0,8,0.0217,0.0470,0.0470,0
368,369,0,8,0.0217,0.0470,0.0470,0
369,370,0,8,0.0216,0.0470,0.0470,0
370,371,0,8,0.0216,0.0470,0.0470,0
371,372,0,8,0.0215,0.0470,0.0470,0
372,373,0,8,0.0214,0.0470,0.0470,0
373,374,0,8,0.0214,0.0470,0.0470,0
374,375,0,8,0.0213,0.0470,0.0470,0
375,376,0,8,0.0213,0.0470,0.0470,0
376,377,0,8,0.0212,0.0470,0.0470,0
377,378,0,8,0.0212,0.0470,0.0470,0
378,379,0,8,0.0211,0.0470,0.0470,0
379,380,0,8,0.0211,0.0470,0.0470,0
380,381,0,8,0.0210,0.0470,0.0470,0
381,382,0,8,0.0209,0.0470,0.0470,0
382,383,0,8,0.0209,0.0470,0.0470,0
383,384,0,8,0.0208,0.0470,0.0470,0
384,385,0,8,0.0208,0.0470,0.0470,0
385,386,0,8,0.0207,0.0470,0.0470,0
386,387,0,8,0.0207,0.0470,0.0470,0
387,388,0,8,0.0206,0.0470,0.0470,0
388,389,0,8,0.0206,0.0470,0.0470,0
389,390,0,8,0.0205,0.0470,0.0470,0
390,391,0,8,0.0205,0.0470,0.0470,0
391,392,0,8,0.0204,0.0470,0.0470,0
392,393,0,8,0.0204,0.0470,0.0470,0
393,394,0,8,0.0203,0.0470,0.0470,0
394,395,0,8,0.0203,0.0470,0.0470,0
395,396,0,8,0.0202,0.0470,0.0470,0
396,397,0,8,0.0202,0.0470,0.0470,0
397,398,0,8,0.0201,0.0470,0.0470,0
398,399,0,8,0.0201,0.0470,0.0470,0
399,400,0,8,0.0200,0.0470,0.0470,0
400,401,0,8,0.0200,0.0470,0.0470,0
401,402,0,8,0.0199,0.0470,0.0470,0
402,403,0,8,0.0199,0.0470,0.0470,0
403,404,0,8,0.0198,0.0470,0.0470,0
404,405,1,9,0.0222,0.0470,0.0897,1
405,406,0,9,0.0222,0.0897,0.0897,0
406,407,0,9,0.0221,0.0897,0.0897,0
407,408,0,9,0.0221,0.0897,0.0897,0
408,409,0,9,0.0220,0.0897,0.0897,0
409,410,0,9,0.0220,0.0897,0.0897,0
410,411,0,9,0.0219,0.0897,0.0897,0
411,412,0,9,0.0218,0.0897,0.0897,0
412,413,0,9,0.0218,0.0897,0.0897,0
413,414,0,9,0.0217,0.0897,0.0897,0
414,415,0,9,0.0217,0.0897,0.0897,0
415,416,0,9,0.0216,0.0897,0.0897,0
416,417,0,9,0.0216,0.0897,0.0897,0
417,418,0,9,0.0215,0.0897,0.0897,0
418,419,0,9,0.0215,0.0897,0.0897,0
419,420,0,9,0.0214,0.0897,0.0897,0
420,421,0,9,0.0214,0.0897,0.0897,0
421,422,0,9,0.0213,0.0897,0.0897,0
422,423,0,9,0.0213,0.0897,0.0897,0
423,424,0,9,0.0212,0.0897,0.0897,0
424,425,0,9,0.0212,0.0897,0.0897,0
425,426,0,9,0.0211,0.0897,0.0897,0
426,427,0,9,0.0211,0.0897,0.0897,0
427,428,0,9,0.0210,0.0897,0.0897,0
428,429,0,9,0.0210,0.0897,0.0897,0
429,430,0,9,0.0209,0.0897,0.0897,0
430,431,0,9,0.0209,0.0897,0.0897,0
431,432,0,9,0.0208,0.0897,0.0897,0
432,433,0,9,0.0208,0.0897,0.0897,0
433,434,0,9,0.0207,0.0897,0.0897,0
434,435,0,9,0.0207,0.0897,0.0897,0
435,436,0,9,0.0206,0.0897,0.0897,0
436,437,0,9,0.0206,0.0897,0.0897,0
437,438,0,9,0.0205,0.0897,0.0897,0
438,439,0,9,0.0205,0.0897,0.0897,0
439,440,0,9,0.0205,0.0897,0.0897,0
440,441,0,9,0.0204,0.0897,0.0897,0
441,442,0,9,0.0204,0.0897,0.0897,0
442,443,0,9,0.0203,0.0897,0.0897,0
443,444,0,9,0.0203,0.0897,0.0897,0
444,445,0,9,0.0202,0.0897,0.0897,0
445,446,0,9,0.0202,0.0897,0.0897,0
446,447,0,9,0.0201,0.0897,0.0897,0
447,448,0,9,0.0201,0.0897,0.0897,0
448,449,0,9,0.0200,0.0897,0.0897,0
449,450,0,9,0.0200,0.0897,0.0897,0
450,451,0,9,0.0200,0.0897,0.0897,0
451,452,0,9,0.0199,0.0897,0.0897,0
452,453,0,9,0.0199,0.0897,0.0897,0
453,454,0,9,0.0198,0.0897,0.0897,0
454,455,0,9,0.0198,0.0897,0.0897,0
455,456,0,9,0.0197,0.0897,0.0897,0
456,457,0,9,0.0197,0.0897,0.0897,0
457,458,0,9,0.0197,0.0897,0.0897,0
458,459,0,9,0.0196,0.0897,0.0897,0
459,460,0,9,0.0196,0.0897,0.0897,0
460,461,0,9,0.0195,0.0897,0.0897,0
461,462,0,9,0.0195,0.0897,0.0897,0
462,463,0,9,0.0194,0.0897,0.0897,0
463,464,0,9,0.0194,0.0897,0.0897,0
464,465,0,9,0.0194,0.0897,0.0897,0
465,466,0,9,0.0193,0.0897,0.0897,0
466,467,0,9,0.0193,0.0897,0.0897,0
467,468,0,9,0.0192,0.0897,0.0897,0
468,469,0,9,0.0192,0.0897,0.0897,0
469,470,0,9,0.0191,0.0897,0.0897,0
470,471,0,9,0.0191,0.0897,0.0897,0
471,472,0,9,0.0191,0.0897,0.0897,0
472,473,0,9,0.0190,0.0897,0.0897,0
473,474,0,9,0.0190,0.0897,0.0897,0
474,475,0,9,0.0189,0.0897,0.0897,0
475,476,0,9,0.0189,0.0897,0.0897,0
476,477,0,9,0.0189,0.0897,0.0897,0
477,478,0,9,0.0188,0.0897,0.0897,0
478,479,0,9,0.0188,0.0897,0.0897,0
479,480,0,9,0.0187,0.0897,0.0897,0
480,481,0,9,0.0187,0.0897,0.0897,0
481,482,0,9,0.0187,0.0897,0.0897,0
482,483,0,9,0.0186,0.0897,0.0897,0
483,484,0,9,0.0186,0.0897,0.0897,0
484,485,0,9,0.0186,0.0897,0.0897,0
485,486,0,9,0.0185,0.0897,0.0897,0
486,487,0,9,0.0185,0.0897,0.0897,0
487,488,0,9,0.0184,0.0897,0.0897,0
488,489,0,9,0.0184,0.0897,0.0897,0
489,490,0,9,0.0184,0.0897,0.0897,0
490,491,0,9,0.0183,0.0897,0.0897,0
491,492,0,9,0.0183,0.0897,0.0897,0
492,493,0,9,0.0183,0.0897,0.0897,0
493,494,0,9,0.0182,0.0897,0.0897,0
494,495,0,9,0.0182,0.0897,0.0897,0
495,496,0,9,0.0181,0.0897,0.0897,0
496,497,0,9,0.0181,0.0897,0.0897,0
497,498,0,9,0.0181,0.0897,0.0897,0
498,499,0,9,0.0180,0.0897,0.0897,0
499,500,0,9,0.0180,0.0897,0.0897,0
500,501,0,9,0.0180,0.0897,0.0897,0
501,502,0,9,0.0179,0.0897,0.0897,0
502,503,0,9,0.0179,0.0897,0.0897,0
503,504,0,9,0.0179,0.0897,0.0897,0
504,505,0,9,0.0178,0.0897,0.0897,0
505,506,0,9,0.0178,0.0897,0.0897,0
506,507,0,9,0.0178,0.0897,0.0897,0
507,508,0,9,0.0177,0.0897,0.0897,0
508,509,0,9,0.0177,0.0897,0.0897,0
509,510,0,9,0.0176,0.0897,0.0897,0
510,511,0,9,0.0176,0.0897,0.0897,0
511,512,0,9,0.0176,0.0897,0.0897,0
512,513,0,9,0.0175,0.0897,0.0897,0
513,514,0,9,0.0175,0.0897,0.0897,0
514,515,0,9,0.0175,0.0897,0.0897,0
515,516,0,9,0.0174,0.0897,0.0897,0
516,517,0,9,0.0174,0.0897,0.0897,0
517,518,0,9,0.0174,0.0897,0.0897,0
518,519,0,9,0.0173,0.0897,0.0897,0
519,520,0,9,0.0173,0.0897,0.0897,0
520,521,0,9,0.0173,0.0897,0.0897,0
521,522,0,9,0.0172,0.0897,0.0897,0
522,523,0,9,0.0172,0.0897,0.0897,0
523,524,0,9,0.0172,0.0897,0.0897,0
524,525,0,9,0.0171,0.0897,0.0897,0
525,526,0,9,0.0171,0.0897,0.0897,0
526,527,0,9,0.0171,0.0897,0.0897,0
527,528,0,9,0.0170,0.0897,0.0897,0
528,529,0,9,0.0170,0.0897,0.0897,0
529,530,0,9,0.0170,0.0897,0.0897,0
530,531,0,9,0.0169,0.0897,0.0897,0
531,532,0,9,0.0169,0.0897,0.0897,0
532,533,0,9,0.0169,0.0897,0.0897,0
533,534,0,9,0.0169,0.0897,0.0897,0
534,535,0,9,0.0168,0.0897,0.0897,0
535,536,0,9,0.0168,0.0897,0.0897,0
536,537,0,9,0.0168,0.0897,0.0897,0
537,538,0,9,0.0167,0.0897,0.0897,0
538,539,0,9,0.0167,0.0897,0.0897,0
539,540,0,9,0.0167,0.0897,0.0897,0
540,541,0,9,0.0166,0.0897,0.0897,0
541,542,0,9,0.0166,0.0897,0.0897,0
542,543,0,9,0.0166,0.0897,0.0897,0
543,544,0,9,0.0165,0.0897,0.0897,0
544,545,0,9,0.0165,0.0897,0.0897,0
545,546,0,9,0.0165,0.0897,0.0897,0
546,547,0,9,0.0165,0.0897,0.0897,0
547,548,0,9,0.0164,0.0897,0.0897,0
548,549,0,9,0.0164,0.0897,0.0897,0
549,550,0,9,0.0164,0.0897,0.0897,0
550,551,0,9,0.0163,0.0897,0.0897,0
551,552,0,9,0.0163,0.0897,0.0897,0
552,553,0,9,0.0163,0.0897,0.0897,0
553,554,0,9,0.0162,0.0897,0.0897,0
554,555,0,9,0.0162,0.0897,0.0897,0
555,556,0,9,0.0162,0.0897,0.0897,0
556,557,0,9,0.0162,0.0897,0.0897,0
557,558,0,9,0.0161,0.0897,0.0897,0
558,559,0,9,0.0161,0.0897,0.0897,0
559,560,0,9,0.0161,0.0897,0.0897,0
560,561,0,9,0.0160,0.0897,0.0897,0
561,562,1,10,0.0178,0.0897,0.0897,1
562,563,0,10,0.0178,0.0897,0.0897,0
563,564,0,10,0.0177,0.0897,0.0897,0
564,565,0,10,0.0177,0.0897,0.0897,0
565,566,0,10,0.0177,0.0897,0.0897,0
566,567,0,10,0.0176,0.0897,0.0897,0
567,568,0,10,0.0176,0.0897,0.0897,0
568,569,0,10,0.0176,0.0897,0.0897,0
569,570,0,10,0.0175,0.0897,0.0897,0
570,571,0,10,0.0175,0.0897,0.0897,0
571,572,0,10,0.0175,0.0897,0.0897,0
572,573,0,10,0.0175,0.0897,0.0897,0
573,574,0,10,0.0174,0.0897,0.0897,0
574,575,0,10,0.0174,0.0897,0.0897,0
575,576,0,10,0.0174,0.0897,0.0897,0
576,577,0,10,0.0173,0.0897,0.0897,0
577,578,0,10,0.0173,0.0897,0.0897,0
578,579,0,10,0.0173,0.0897,0.0897,0
579,580,0,10,0.0172,0.0897,0.0897,0
580,581,0,10,0.0172,0.0897,0.0897,0
581,582,0,10,0.0172,0.0897,0.0897,0
582,583,1,11,0.0189,0.0897,0.1154,1
583,584,0,11,0.0188,0.1154,0.1154,0
584,585,0,11,0.0188,0.1154,0.1154,0
585,586,0,11,0.0188,0.1154,0.1154,0
586,587,0,11,0.0187,0.1154,0.1154,0
587,588,0,11,0.0187,0.1154,0.1154,0
588,589,0,11,0.0187,0.1154,0.1154,0
589,590,0,11,0.0186,0.1154,0.1154,0
590,591,0,11,0.0186,0.1154,0.1154,0
591,592,0,11,0.0186,0.1154,0.1154,0
592,593,0,11,0.0185,0.1154,0.1154,0
593,594,0,11,0.0185,0.1154,0.1154,0
594,595,0,11,0.0185,0.1154,0.1154,0
595,596,0,11,0.0185,0.1154,0.1154,0
596,597,0,11,0.0184,0.1154,0.1154,0
597,598,0,11,0.0184,0.1154,0.1154,0
598,599,0,11,0.0184,0.1154,0.1154,0
599,600,0,11,0.0183,0.1154,0.1154,0
600,601,0,11,0.0183,0.1154,0.1154,0
601,602,0,11,0.0183,0.1154,0.1154,0
602,603,0,11,0.0182,0.1154,0.1154,0
603,604,0,11,0.0182,0.1154,0.1154,0
604,605,0,11,0.0182,0.1154,0.1154,0
605,606,0,11,0.0182,0.1154,0.1154,0
606,607,0,11,0.0181,0.1154,0.1154,0
607,608,0,11,0.0181,0.1154,0.1154,0
608,609,0,11,0.0181,0.1154,0.1154,0
609,610,0,11,0.0180,0.1154,0.1154,0
610,611,0,11,0.0180,0.1154,0.1154,0
611,612,0,11,0.0180,0.1154,0.1154,0
612,613,0,11,0.0179,0.1154,0.1154,0
613,614,0,11,0.0179,0.1154,0.1154,0
614,615,0,11,0.0179,0.1154,0.1154,0
615,616,0,11,0.0179,0.1154,0.1154,0
616,617,0,11,0.0178,0.1154,0.1154,0
617,618,0,11,0.0178,0.1154,0.1154,0
618,619,0,11,0.0178,0.1154,0.1154,0
619,620,0,11,0.0177,0.1154,0.1154,0
620,621,0,11,0.0177,0.1154,0.1154,0
621,622,0,11,0.0177,0.1154,0.1154,0
622,623,0,11,0.0177,0.1154,0.1154,0
623,624,0,11,0.0176,0.1154,0.1154,0
624,625,0,11,0.0176,0.1154,0.1154,0
625,626,0,11,0.0176,0.1154,0.1154,0
626,627,0,11,0.0175,0.1154,0.1154,0
627,628,0,11,0.0175,0.1154,0.1154,0
628,629,0,11,0.0175,0.1154,0.1154,0
629,630,0,11,0.0175,0.1154,0.1154,0
630,631,0,11,0.0174,0.1154,0.1154,0
631,632,0,11,0.0174,0.1154,0.1154,0
632,633,0,11,0.0174,0.1154,0.1154,0
633,634,0,11,0.0174,0.1154,0.1154,0
634,635,0,11,0.0173,0.1154,0.1154,0
635,636,0,11,0.0173,0.1154,0.1154,0
636,637,0,11,0.0173,0.1154,0.1154,0
637,638,0,11,0.0172,0.1154,0.1154,0
638,639,1,12,0.0188,0.1154,0.1154,1
639,640,0,12,0.0187,0.1154,0.1154,0
640,641,0,12,0.0187,0.1154,0.1154,0
641,642,0,12,0.0187,0.1154,0.1154,0
642,643,0,12,0.0187,0.1154,0.1154,0
643,644,0,12,0.0186,0.1154,0.1154,0
644,645,0,12,0.0186,0.1154,0.1154,0
645,646,0,12,0.0186,0.1154,0.1154,0
646,647,0,12,0.0185,0.1154,0.1154,0
647,648,0,12,0.0185,0.1154,0.1154,0
648,649,1,13,0.0200,0.1154,0.1154,1
649,650,0,13,0.0200,0.1154,0.1154,0
650,651,0,13,0.0200,0.1154,0.1154,0
651,652,0,13,0.0199,0.1154,0.1154,0
652,653,0,13,0.0199,0.1154,0.1154,0
653,654,0,13,0.0199,0.1154,0.1154,0
654,655,0,13,0.0198,0.1154,0.1154,0
655,656,0,13,0.0198,0.1154,0.1154,0
656,657,0,13,0.0198,0.1154,0.1154,0
657,658,0,13,0.0198,0.1154,0.1154,0
658,659,0,13,0.0197,0.1154,0.1154,0
659,660,0,13,0.0197,0.1154,0.1154,0
660,661,0,13,0.0197,0.1154,0.1154,0
661,662,0,13,0.0196,0.1154,0.1154,0
662,663,0,13,0.0196,0.1154,0.1154,0
663,664,0,13,0.0196,0.1154,0.1154,0
664,665,0,13,0.0195,0.1154,0.1154,0
665,666,0,13,0.0195,0.1154,0.1154,0
666,667,0,13,0.0195,0.1154,0.1154,0
667,668,0,13,0.0195,0.1154,0.1154,0
668,669,0,13,0.0194,0.1154,0.1154,0
669,670,0,13,0.0194,0.1154,0.1154,0
670,671,0,13,0.0194,0.1154,0.1154,0
671,672,0,13,0.0193,0.1154,0.1154,0
672,673,0,13,0.0193,0.1154,0.1154,0
673,674,0,13,0.0193,0.1154,0.1154,0
674,675,0,13,0.0193,0.1154,0.1154,0
675,676,0,13,0.0192,0.1154,0.1154,0
676,677,1,14,0.0207,0.1154,0.1154,1
677,678,1,15,0.0221,0.1154,0.1154,1
678,679,0,15,0.0221,0.1154,0.1154,0
679,680,0,15,0.0221,0.1154,0.1154,0
680,681,0,15,0.0220,0.1154,0.1154,0
681,682,0,15,0.0220,0.1154,0.1154,0
682,683,0,15,0.0220,0.1154,0.1154,0
683,684,0,15,0.0219,0.1154,0.1154,0
684,685,0,15,0.0219,0.1154,0.1154,0
685,686,0,15,0.0219,0.1154,0.1154,0
686,687,0,15,0.0218,0.1154,0.1154,0
687,688,0,15,0.0218,0.1154,0.1154,0
688,689,0,15,0.0218,0.1154,0.1154,0
689,690,0,15,0.0217,0.1154,0.1154,0
690,691,0,15,0.0217,0.1154,0.1154,0
691,692,1,16,0.0231,0.1154,0.1154,1
692,693,0,16,0.0231,0.1154,0.1154,0
693,694,0,16,0.0231,0.1154,0.1154,0
694,695,0,16,0.0230,0.1154,0.1154,0
695,696,0,16,0.0230,0.1154,0.1154,0
696,697,0,16,0.0230,0.1154,0.1154,0
697,698,0,16,0.0229,0.1154,0.1154,0
698,699,0,16,0.0229,0.1154,0.1154,0
699,700,0,16,0.0229,0.1154,0.1154,0
700,701,0,16,0.0228,0.1154,0.1154,0
701,702,0,16,0.0228,0.1154,0.1154,0
702,703,0,16,0.0228,0.1154,0.1154,0
703,704,0,16,0.0227,0.1154,0.1154,0
704,705,0,16,0.0227,0.1154,0.1154,0
705,706,0,16,0.0227,0.1154,0.1154,0
706,707,0,16,0.0226,0.1154,0.1154,0
707,708,0,16,0.0226,0.1154,0.1154,0
708,709,0,16,0.0226,0.1154,0.1154,0
709,710,0,16,0.0225,0.1154,0.1154,0
710,711,0,16,0.0225,0.1154,0.1154,0
711,712,0,16,0.0225,0.1154,0.1154,0
712,713,0,16,0.0224,0.1154,0.1154,0
713,714,0,16,0.0224,0.1154,0.1154,0
714,715,0,16,0.0224,0.1154,0.1154,0
715,716,0,16,0.0223,0.1154,0.1154,0
716,717,0,16,0.0223,0.1154,0.1154,0
717,718,0,16,0.0223,0.1154,0.1154,0
718,719,0,16,0.0223,0.1154,0.1154,0
719,720,1,17,0.0236,0.1154,0.1154,1
720,721,0,17,0.0236,0.1154,0.1154,0
721,722,0,17,0.0235,0.1154,0.1154,0
722,723,0,17,0.0235,0.1154,0.1154,0
723,724,0,17,0.0235,0.1154,0.1154,0
724,725,0,17,0.0234,0.1154,0.1154,0
725,726,0,17,0.0234,0.1154,0.1154,0
726,727,0,17,0.0234,0.1154,0.1154,0
727,728,0,17,0.0234,0.1154,0.1154,0
728,729,0,17,0.0233,0.1154,0.1154,0
729,730,0,17,0.0233,0.1154,0.1154,0
730,731,0,17,0.0233,0.1154,0.1154,0
731,732,0,17,0.0232,0.1154,0.1154,0
732,733,0,17,0.0232,0.1154,0.1154,0
733,734,0,17,0.0232,0.1154,0.1154,0
734,735,0,17,0.0231,0.1154,0.1154,0
735,736,1,18,0.0245,0.1154,0.1239,1
736,737,0,18,0.0244,0.1239,0.1239,0
737,738,0,18,0.0244,0.1239,0.1239,0
738,739,0,18,0.0244,0.1239,0.1239,0
739,740,0,18,0.0243,0.1239,0.1239,0
740,741,0,18,0.0243,0.1239,0.1239,0
741,742,1,19,0.0256,0.1239,0.1239,1
742,743,0,19,0.0256,0.1239,0.1239,0
743,744,0,19,0.0255,0.1239,0.1239,0
744,745,0,19,0.0255,0.1239,0.1239,0
745,746,0,19,0.0255,0.1239,0.1239,0
746,747,0,19,0.0254,0.1239,0.1239,0
747,748,0,19,0.0254,0.1239,0.1239,0
748,749,0,19,0.0254,0.1239,0.1239,0
749,750,0,19,0.0253,0.1239,0.1239,0
750,751,0,19,0.0253,0.1239,0.1239,0
751,752,0,19,0.0253,0.1239,0.1239,0
752,753,0,19,0.0252,0.1239,0.1239,0
753,754,0,19,0.0252,0.1239,0.1239,0
754,755,0,19,0.0252,0.1239,0.1239,0
755,756,0,19,0.0251,0.1239,0.1239,0
756,757,0,19,0.0251,0.1239,0.1239,0
757,758,0,19,0.0251,0.1239,0.1239,0
758,759,0,19,0.0250,0.1239,0.1239,0
759,760,0,19,0.0250,0.1239,0.1239,0
760,761,0,19,0.0250,0.1239,0.1239,0
761,762,0,19,0.0249,0.1239,0.1239,0
762,763,0,19,0.0249,0.1239,0.1239,0
763,764,0,19,0.0249,0.1239,0.1239,0
764,765,0,19,0.0248,0.1239,0.1239,0
765,766,0,19,0.0248,0.1239,0.1239,0
766,767,0,19,0.0248,0.1239,0.1239,0
767,768,0,19,0.0247,0.1239,0.1239,0
768,769,0,19,0.0247,0.1239,0.1239,0
769,770,0,19,0.0247,0.1239,0.1239,0
770,771,0,19,0.0246,0.1239,0.1239,0
771,772,0,19,0.0246,0.1239,0.1239,0
772,773,0,19,0.0246,0.1239,0.1239,0
773,774,0,19,0.0245,0.1239,0.1239,0
774,775,0,19,0.0245,0.1239,0.1239,0
775,776,0,19,0.0245,0.1239,0.1239,0
776,777,0,19,0.0245,0.1239,0.1239,0
777,778,0,19,0.0244,0.1239,0.1239,0
778,779,0,19,0.0244,0.1239,0.1239,0
779,780,0,19,0.0244,0.1239,0.1239,0
780,781,0,19,0.0243,0.1239,0.1239,0
781,782,0,19,0.0243,0.1239,0.1239,0
782,783,0,19,0.0243,0.1239,0.1239,0
783,784,0,19,0.0242,0.1239,0.1239,0
784,785,0,19,0.0242,0.1239,0.1239,0
785,786,0,19,0.0242,0.1239,0.1239,0
786,787,0,19,0.0241,0.1239,0.1239,0
787,788,0,19,0.0241,0.1239,0.1239,0
788,789,0,19,0.0241,0.1239,0.1239,0
789,790,0,19,0.0241,0.1239,0.1239,0
790,791,0,19,0.0240,0.1239,0.1239,0
791,792,0,19,0.0240,0.1239,0.1239,0
792,793,0,19,0.0240,0.1239,0.1239,0
793,794,0,19,0.0239,0.1239,0.1239,0
794,795,0,19,0.0239,0.1239,0.1239,0
795,796,0,19,0.0239,0.1239,0.1239,0
796,797,0,19,0.0238,0.1239,0.1239,0
797,798,0,19,0.0238,0.1239,0.1239,0
798,799,0,19,0.0238,0.1239,0.1239,0
799,800,0,19,0.0238,0.1239,0.1239,0
800,801,0,19,0.0237,0.1239,0.1239,0
801,802,0,19,0.0237,0.1239,0.1239,0
802,803,0,19,0.0237,0.1239,0.1239,0
803,804,0,19,0.0236,0.1239,0.1239,0
804,805,0,19,0.0236,0.1239,0.1239,0
805,806,0,19,0.0236,0.1239,0.1239,0
806,807,0,19,0.0235,0.1239,0.1239,0
807,808,0,19,0.0235,0.1239,0.1239,0
808,809,0,19,0.0235,0.1239,0.1239,0
809,810,0,19,0.0235,0.1239,0.1239,0
810,811,0,19,0.0234,0.1239,0.1239,0
811,812,0,19,0.0234,0.1239,0.1239,0
812,813,0,19,0.0234,0.1239,0.1239,0
813,814,0,19,0.0233,0.1239,0.1239,0
814,815,0,19,0.0233,0.1239,0.1239,0
815,816,0,19,0.0233,0.1239,0.1239,0
816,817,0,19,0.0233,0.1239,0.1239,0
817,818,0,19,0.0232,0.1239,0.1239,0
818,819,0,19,0.0232,0.1239,0.1239,0
819,820,0,19,0.0232,0.1239,0.1239,0
820,821,0,19,0.0231,0.1239,0.1239,0
821,822,0,19,0.0231,0.1239,0.1239,0
822,823,0,19,0.0231,0.1239,0.1239,0
823,824,0,19,0.0231,0.1239,0.1239,0
824,825,0,19,0.0230,0.1239,0.1239,0
825,826,0,19,0.0230,0.1239,0.1239,0
826,827,0,19,0.0230,0.1239,0.1239,0
827,828,0,19,0.0229,0.1239,0.1239,0
828,829,0,19,0.0229,0.1239,0.1239,0
829,830,0,19,0.0229,0.1239,0.1239,0
830,831,0,19,0.0229,0.1239,0.1239,0
831,832,0,19,0.0228,0.1239,0.1239,0
832,833,0,19,0.0228,0.1239,0.1239,0
833,834,0,19,0.0228,0.1239,0.1239,0
834,835,0,19,0.0228,0.1239,0.1239,0
835,836,0,19,0.0227,0.1239,0.1239,0
836,837,0,19,0.0227,0.1239,0.1239,0
837,838,0,19,0.0227,0.1239,0.1239,0
838,839,0,19,0.0226,0.1239,0.1239,0
839,840,0,19,0.0226,0.1239,0.1239,0
840,841,0,19,0.0226,0.1239,0.1239,0
841,842,0,19,0.0226,0.1239,0.1239,0
842,843,0,19,0.0225,0.1239,0.1239,0
843,844,0,19,0.0225,0.1239,0.1239,0
844,845,0,19,0.0225,0.1239,0.1239,0
845,846,0,19,0.0225,0.1239,0.1239,0
846,847,0,19,0.0224,0.1239,0.1239,0
847,848,0,19,0.0224,0.1239,0.1239,0
848,849,0,19,0.0224,0.1239,0.1239,0
849,850,0,19,0.0224,0.1239,0.1239,0
850,851,0,19,0.0223,0.1239,0.1239,0
851,852,0,19,0.0223,0.1239,0.1239,0
852,853,0,19,0.0223,0.1239,0.1239,0
853,854,0,19,0.0222,0.1239,0.1239,0
854,855,0,19,0.0222,0.1239,0.1239,0
855,856,0,19,0.0222,0.1239,0.1239,0
856,857,0,19,0.0222,0.1239,0.1239,0
857,858,0,19,0.0221,0.1239,0.1239,0
858,859,1,20,0.0233,0.1239,0.1239,1
859,860,0,20,0.0233,0.1239,0.1239,0
860,861,0,20,0.0232,0.1239,0.1239,0
861,862,0,20,0.0232,0.1239,0.1239,0
862,863,0,20,0.0232,0.1239,0.1239,0
863,864,0,20,0.0231,0.1239,0.1239,0
864,865,0,20,0.0231,0.1239,0.1239,0
865,866,0,20,0.0231,0.1239,0.1239,0
866,867,0,20,0.0231,0.1239,0.1239,0
867,868,0,20,0.0230,0.1239,0.1239,0
868,869,0,20,0.0230,0.1239,0.1239,0
869,870,0,20,0.0230,0.1239,0.1239,0
870,871,0,20,0.0230,0.1239,0.1239,0
871,872,0,20,0.0229,0.1239,0.1239,0
872,873,0,20,0.0229,0.1239,0.1239,0
873,874,0,20,0.0229,0.1239,0.1239,0
874,875,0,20,0.0229,0.1239,0.1239,0
875,876,0,20,0.0228,0.1239,0.1239,0
876,877,0,20,0.0228,0.1239,0.1239,0
877,878,0,20,0.0228,0.1239,0.1239,0
878,879,0,20,0.0228,0.1239,0.1239,0
879,880,0,20,0.0227,0.1239,0.1239,0
880,881,0,20,0.0227,0.1239,0.1239,0
881,882,0,20,0.0227,0.1239,0.1239,0
882,883,0,20,0.0227,0.1239,0.1239,0
883,884,0,20,0.0226,0.1239,0.1239,0
884,885,0,20,0.0226,0.1239,0.1239,0
885,886,0,20,0.0226,0.1239,0.1239,0
886,887,0,20,0.0225,0.1239,0.1239,0
887,888,0,20,0.0225,0.1239,0.1239,0
888,889,0,20,0.0225,0.1239,0.1239,0
889,890,0,20,0.0225,0.1239,0.1239,0
890,891,1,21,0.0236,0.1239,0.1239,1
891,892,0,21,0.0235,0.1239,0.1239,0
892,893,0,21,0.0235,0.1239,0.1239,0
893,894,0,21,0.0235,0.1239,0.1239,0
894,895,0,21,0.0235,0.1239,0.1239,0
895,896,0,21,0.0234,0.1239,0.1239,0
896,897,0,21,0.0234,0.1239,0.1239,0
897,898,0,21,0.0234,0.1239,0.1239,0
898,899,0,21,0.0234,0.1239,0.1239,0
899,900,0,21,0.0233,0.1239,0.1239,0
900,901,0,21,0.0233,0.1239,0.1239,0
901,902,0,21,0.0233,0.1239,0.1239,0
902,903,0,21,0.0233,0.1239,0.1239,0
903,904,0,21,0.0232,0.1239,0.1239,0
904,905,0,21,0.0232,0.1239,0.1239,0
905,906,0,21,0.0232,0.1239,0.1239,0
906,907,0,21,0.0232,0.1239,0.1239,0
907,908,0,21,0.0231,0.1239,0.1239,0
908,909,0,21,0.0231,0.1239,0.1239,0
909,910,0,21,0.0231,0.1239,0.1239,0
910,911,0,21,0.0231,0.1239,0.1239,0
911,912,0,21,0.0230,0.1239,0.1239,0
912,913,0,21,0.0230,0.1239,0.1239,0
913,914,0,21,0.0230,0.1239,0.1239,0
914,915,0,21,0.0230,0.1239,0.1239,0
915,916,0,21,0.0229,0.1239,0.1239,0
916,917,0,21,0.0229,0.1239,0.1239,0
917,918,0,21,0.0229,0.1239,0.1239,0
918,919,0,21,0.0229,0.1239,0.1239,0
919,920,0,21,0.0228,0.1239,0.1239,0
920,921,0,21,0.0228,0.1239,0.1239,0
921,922,0,21,0.0228,0.1239,0.1239,0
922,923,0,21,0.0228,0.1239,0.1239,0
923,924,0,21,0.0227,0.1239,0.1239,0
924,925,0,21,0.0227,0.1239,0.1239,0
925,926,0,21,0.0227,0.1239,0.1239,0
926,927,0,21,0.0227,0.1239,0.1239,0
927,928,0,21,0.0226,0.1239,0.1239,0
928,929,0,21,0.0226,0.1239,0.1239,0
929,930,0,21,0.0226,0.1239,0.1239,0
930,931,0,21,0.0226,0.1239,0.1239,0
931,932,0,21,0.0225,0.1239,0.1239,0
932,933,0,21,0.0225,0.1239,0.1239,0
933,934,0,21,0.0225,0.1239,0.1239,0
934,935,0,21,0.0225,0.1239,0.1239,0
935,936,0,21,0.0224,0.1239,0.1239,0
936,937,0,21,0.0224,0.1239,0.1239,0
937,938,0,21,0.0224,0.1239,0.1239,0
938,939,0,21,0.0224,0.1239,0.1239,0
939,940,0,21,0.0223,0.1239,0.1239,0
940,941,0,21,0.0223,0.1239,0.1239,0
941,942,0,21,0.0223,0.1239,0.1239,0
942,943,0,21,0.0223,0.1239,0.1239,0
943,944,0,21,0.0222,0.1239,0.1239,0
944,945,0,21,0.0222,0.1239,0.1239,0
945,946,0,21,0.0222,0.1239,0.1239,0
946,947,0,21,0.0222,0.1239,0.1239,0
947,948,0,21,0.0222,0.1239,0.1239,0
948,949,0,21,0.0221,0.1239,0.1239,0
949,950,0,21,0.0221,0.1239,0.1239,0
950,951,0,21,0.0221,0.1239,0.1239,0
951,952,0,21,0.0221,0.1239,0.1239,0
952,953,0,21,0.0220,0.1239,0.1239,0
953,954,0,21,0.0220,0.1239,0.1239,0
954,955,0,21,0.0220,0.1239,0.1239,0
955,956,0,21,0.0220,0.1239,0.1239,0
956,957,0,21,0.0219,0.1239,0.1239,0
957,958,0,21,0.0219,0.1239,0.1239,0
958,959,0,21,0.0219,0.1239,0.1239,0
959,960,0,21,0.0219,0.1239,0.1239,0
960,961,0,21,0.0219,0.1239,0.1239,0
961,962,0,21,0.0218,0.1239,0.1239,0
962,963,0,21,0.0218,0.1239,0.1239,0
963,964,0,21,0.0218,0.1239,0.1239,0
964,965,0,21,0.0218,0.1239,0.1239,0
965,966,0,21,0.0217,0.1239,0.1239,0
966,967,0,21,0.0217,0.1239,0.1239,0
967,968,0,21,0.0217,0.1239,0.1239,0
968,969,0,21,0.0217,0.1239,0.1239,0
969,970,0,21,0.0216,0.1239,0.1239,0
970,971,1,22,0.0227,0.1239,0.1581,1
971,972,1,23,0.0237,0.1581,0.1581,1
972,973,0,23,0.0236,0.1581,0.1581,0
973,974,0,23,0.0236,0.1581,0.1581,0
974,975,0,23,0.0236,0.1581,0.1581,0
975,976,0,23,0.0236,0.1581,0.1581,0
976,977,0,23,0.0235,0.1581,0.1581,0
977,978,0,23,0.0235,0.1581,0.1581,0
978,979,0,23,0.0235,0.1581,0.1581,0
979,980,0,23,0.0235,0.1581,0.1581,0
980,981,0,23,0.0234,0.1581,0.1581,0
981,982,0,23,0.0234,0.1581,0.1581,0
982,983,0,23,0.0234,0.1581,0.1581,0
983,984,0,23,0.0234,0.1581,0.1581,0
984,985,0,23,0.0234,0.1581,0.1581,0
985,986,0,23,0.0233,0.1581,0.1581,0
986,987,0,23,0.0233,0.1581,0.1581,0
987,988,0,23,0.0233,0.1581,0.1581,0
988,989,0,23,0.0233,0.1581,0.1581,0
989,990,0,23,0.0232,0.1581,0.1581,0
990,991,0,23,0.0232,0.1581,0.1581,0
991,992,0,23,0.0232,0.1581,0.1581,0
992,993,0,23,0.0232,0.1581,0.1581,0
993,994,0,23,0.0231,0.1581,0.1581,0
994,995,0,23,0.0231,0.1581,0.1581,0
995,996,0,23,0.0231,0.1581,0.1581,0
996,997,0,23,0.0231,0.1581,0.1581,0
997,998,0,23,0.0230,0.1581,0.1581,0
998,999,0,23,0.0230,0.1581,0.1581,0
999,1000,0,23,0.0230,0.1581,0.1581,0
1000,1001,0,23,0.0230,0.1581,0.1581,0
1001,1002,0,23,0.0230,0.1581,0.1581,0
1002,1003,0,23,0.0229,0.1581,0.1581,0
1003,1004,0,23,0.0229,0.1581,0.1581,0
1004,1005,0,23,0.0229,0.1581,0.1581,0
1005,1006,0,23,0.0229,0.1581,0.1581,0
1006,1007,0,23,0.0228,0.1581,0.1581,0
1007,1008,0,23,0.0228,0.1581,0.1581,0
1008,1009,0,23,0.0228,0.1581,0.1581,0
1009,1010,0,23,0.0228,0.1581,0.1581,0
1010,1011,0,23,0.0227,0.1581,0.1581,0
1011,1012,0,23,0.0227,0.1581,0.1581,0
1012,1013,0,23,0.0227,0.1581,0.1581,0
1013,1014,0,23,0.0227,0.1581,0.1581,0
1014,1015,0,23,0.0227,0.1581,0.1581,0
1015,1016,0,23,0.0226,0.1581,0.1581,0
1016,1017,0,23,0.0226,0.1581,0.1581,0
1017,1018,0,23,0.0226,0.1581,0.1581,0
1018,1019,0,23,0.0226,0.1581,0.1581,0
1019,1020,0,23,0.0225,0.1581,0.1581,0
1020,1021,0,23,0.0225,0.1581,0.1581,0
1021,1022,1,24,0.0235,0.1581,0.1581,1
1022,1023,0,24,0.0235,0.1581,0.1581,0
1023,1024,0,24,0.0234,0.1581,0.1581,0
1024,1025,0,24,0.0234,0.1581,0.1581,0
1025,1026,0,24,0.0234,0.1581,0.1581,0
1026,1027,0,24,0.0234,0.1581,0.1581,0
1027,1028,0,24,0.0233,0.1581,0.1581,0
1028,1029,0,24,0.0233,0.1581,0.1581,0
1029,1030,0,24,0.0233,0.1581,0.1581,0
1030,1031,0,24,0.0233,0.1581,0.1581,0
1031,1032,0,24,0.0233,0.1581,0.1581,0
1032,1033,0,24,0.0232,0.1581,0.1581,0
1033,1034,0,24,0.0232,0.1581,0.1581,0
1034,1035,0,24,0.0232,0.1581,0.1581,0
1035,1036,0,24,0.0232,0.1581,0.1581,0
1036,1037,0,24,0.0231,0.1581,0.1581,0
1037,1038,0,24,0.0231,0.1581,0.1581,0
1038,1039,0,24,0.0231,0.1581,0.1581,0
1039,1040,0,24,0.0231,0.1581,0.1581,0
1040,1041,0,24,0.0231,0.1581,0.1581,0
1041,1042,0,24,0.0230,0.1581,0.1581,0
1042,1043,0,24,0.0230,0.1581,0.1581,0
1043,1044,0,24,0.0230,0.1581,0.1581,0
1044,1045,0,24,0.0230,0.1581,0.1581,0
1045,1046,0,24,0.0229,0.1581,0.1581,0
1046,1047,0,24,0.0229,0.1581,0.1581,0
1047,1048,0,24,0.0229,0.1581,0.1581,0
1048,1049,0,24,0.0229,0.1581,0.1581,0
1049,1050,0,24,0.0229,0.1581,0.1581,0
1050,1051,0,24,0.0228,0.1581,0.1581,0
1051,1052,0,24,0.0228,0.1581,0.1581,0
1052,1053,0,24,0.0228,0.1581,0.1581,0
1053,1054,0,24,0.0228,0.1581,0.1581,0
1054,1055,0,24,0.0227,0.1581,0.1581,0
1055,1056,0,24,0.0227,0.1581,0.1581,0
1056,1057,0,24,0.0227,0.1581,0.1581,0
1057,1058,0,24,0.0227,0.1581,0.1581,0
1058,1059,0,24,0.0227,0.1581,0.1581,0
1059,1060,0,24,0.0226,0.1581,0.1581,0
1060,1061,0,24,0.0226,0.1581,0.1581,0
1061,1062,0,24,0.0226,0.1581,0.1581,0
1062,1063,0,24,0.0226,0.1581,0.1581,0
1063,1064,0,24,0.0226,0.1581,0.1581,0
1064,1065,0,24,0.0225,0.1581,0.1581,0
1065,1066,0,24,0.0225,0.1581,0.1581,0
1066,1067,0,24,0.0225,0.1581,0.1581,0
1067,1068,0,24,0.0225,0.1581,0.1581,0
1068,1069,0,24,0.0225,0.1581,0.1581,0
1069,1070,0,24,0.0224,0.1581,0.1581,0
1070,1071,0,24,0.0224,0.1581,0.1581,0
1071,1072,0,24,0.0224,0.1581,0.1581,0
1072,1073,0,24,0.0224,0.1581,0.1581,0
1073,1074,1,25,0.0233,0.1581,0.1581,1
1074,1075,0,25,0.0233,0.1581,0.1581,0
1075,1076,0,25,0.0232,0.1581,0.1581,0
1076,1077,0,25,0.0232,0.1581,0.1581,0
1077,1078,0,25,0.0232,0.1581,0.1581,0
1078,1079,0,25,0.0232,0.1581,0.1581,0
1079,1080,0,25,0.0231,0.1581,0.1581,0
1080,1081,0,25,0.0231,0.1581,0.1581,0
1081,1082,0,25,0.0231,0.1581,0.1581,0
1082,1083,0,25,0.0231,0.1581,0.1581,0
1083,1084,0,25,0.0231,0.1581,0.1581,0
1084,1085,0,25,0.0230,0.1581,0.1581,0
1085,1086,0,25,0.0230,0.1581,0.1581,0
1086,1087,0,25,0.0230,0.1581,0.1581,0
1087,1088,0,25,0.0230,0.1581,0.1581,0
1088,1089,0,25,0.0230,0.1581,0.1581,0
1089,1090,0,25,0.0229,0.1581,0.1581,0
1090,1091,0,25,0.0229,0.1581,0.1581,0
1091,1092,0,25,0.0229,0.1581,0.1581,0
1092,1093,0,25,0.0229,0.1581,0.1581,0
1093,1094,0,25,0.0229,0.1581,0.1581,0
1094,1095,0,25,0.0228,0.1581,0.1581,0
1095,1096,0,25,0.0228,0.1581,0.1581,0
1096,1097,0,25,0.0228,0.1581,0.1581,0
1097,1098,0,25,0.0228,0.1581,0.1581,0
1098,1099,0,25,0.0227,0.1581,0.1581,0
1099,1100,0,25,0.0227,0.1581,0.1581,0
1100,1101,0,25,0.0227,0.1581,0.1581,0
1101,1102,0,25,0.0227,0.1581,0.1581,0
1102,1103,0,25,0.0227,0.1581,0.1581,0
1103,1104,0,25,0.0226,0.1581,0.1581,0
1104,1105,0,25,0.0226,0.1581,0.1581,0
1105,1106,0,25,0.0226,0.1581,0.1581,0
1106,1107,0,25,0.0226,0.1581,0.1581,0
1107,1108,0,25,0.0226,0.1581,0.1581,0
1108,1109,0,25,0.0225,0.1581,0.1581,0
1109,1110,0,25,0.0225,0.1581,0.1581,0
1110,1111,0,25,0.0225,0.1581,0.1581,0
1111,1112,0,25,0.0225,0.1581,0.1581,0
1112,1113,0,25,0.0225,0.1581,0.1581,0
1113,1114,0,25,0.0224,0.1581,0.1581,0
1114,1115,0,25,0.0224,0.1581,0.1581,0
1115,1116,0,25,0.0224,0.1581,0.1581,0
1116,1117,0,25,0.0224,0.1581,0.1581,0
1117,1118,0,25,0.0224,0.1581,0.1581,0
1118,1119,0,25,0.0223,0.1581,0.1581,0
1119,1120,0,25,0.0223,0.1581,0.1581,0
1120,1121,0,25,0.0223,0.1581,0.1581,0
1121,1122,0,25,0.0223,0.1581,0.1581,0
1122,1123,0,25,0.0223,0.1581,0.1581,0
1123,1124,0,25,0.0222,0.1581,0.1581,0
1124,1125,0,25,0.0222,0.1581,0.1581,0
1125,1126,0,25,0.0222,0.1581,0.1581,0
1126,1127,0,25,0.0222,0.1581,0.1581,0
1127,1128,0,25,0.0222,0.1581,0.1581,0
1128,1129,0,25,0.0221,0.1581,0.1581,0
1129,1130,0,25,0.0221,0.1581,0.1581,0
1130,1131,0,25,0.0221,0.1581,0.1581,0
1131,1132,0,25,0.0221,0.1581,0.1581,0
1132,1133,0,25,0.0221,0.1581,0.1581,0
1133,1134,0,25,0.0220,0.1581,0.1581,0
1134,1135,0,25,0.0220,0.1581,0.1581,0
1135,1136,0,25,0.0220,0.1581,0.1581,0
1136,1137,0,25,0.0220,0.1581,0.1581,0
1137,1138,0,25,0.0220,0.1581,0.1581,0
1138,1139,0,25,0.0219,0.1581,0.1581,0
1139,1140,0,25,0.0219,0.1581,0.1581,0
1140,1141,0,25,0.0219,0.1581,0.1581,0
1141,1142,0,25,0.0219,0.1581,0.1581,0
1142,1143,0,25,0.0219,0.1581,0.1581,0
1143,1144,0,25,0.0219,0.1581,0.1581,0
1144,1145,0,25,0.0218,0.1581,0.1581,0
1145,1146,0,25,0.0218,0.1581,0.1581,0
1146,1147,0,25,0.0218,0.1581,0.1581,0
1147,1148,0,25,0.0218,0.1581,0.1581,0
1148,1149,0,25,0.0218,0.1581,0.1581,0
1149,1150,0,25,0.0217,0.1581,0.1581,0
1150,1151,0,25,0.0217,0.1581,0.1581,0
1151,1152,0,25,0.0217,0.1581,0.1581,0
1152,1153,0,25,0.0217,0.1581,0.1581,0
1153,1154,0,25,0.0217,0.1581,0.1581,0
1154,1155,0,25,0.0216,0.1581,0.1581,0
1155,1156,0,25,0.0216,0.1581,0.1581,0
1156,1157,0,25,0.0216,0.1581,0.1581,0
1157,1158,1,26,0.0225,0.1581,0.1880,1
1158,1159,0,26,0.0224,0.1880,0.1880,0
1159,1160,0,26,0.0224,0.1880,0.1880,0
1160,1161,0,26,0.0224,0.1880,0.1880,0
1161,1162,0,26,0.0224,0.1880,0.1880,0
1162,1163,0,26,0.0224,0.1880,0.1880,0
1163,1164,0,26,0.0223,0.1880,0.1880,0
1164,1165,0,26,0.0223,0.1880,0.1880,0
1165,1166,0,26,0.0223,0.1880,0.1880,0
1166,1167,0,26,0.0223,0.1880,0.1880,0
1167,1168,0,26,0.0223,0.1880,0.1880,0
1168,1169,0,26,0.0222,0.1880,0.1880,0
1169,1170,0,26,0.0222,0.1880,0.1880,0
1170,1171,1,27,0.0231,0.1880,0.1880,1
1171,1172,0,27,0.0230,0.1880,0.1880,0
1172,1173,0,27,0.0230,0.1880,0.1880,0
1173,1174,0,27,0.0230,0.1880,0.1880,0
1174,1175,0,27,0.0230,0.1880,0.1880,0
1175,1176,0,27,0.0230,0.1880,0.1880,0
1176,1177,0,27,0.0229,0.1880,0.1880,0
1177,1178,0,27,0.0229,0.1880,0.1880,0
1178,1179,0,27,0.0229,0.1880,0.1880,0
1179,1180,0,27,0.0229,0.1880,0.1880,0
1180,1181,0,27,0.0229,0.1880,0.1880,0
1181,1182,0,27,0.0228,0.1880,0.1880,0
1182,1183,0,27,0.0228,0.1880,0.1880,0
1183,1184,0,27,0.0228,0.1880,0.1880,0
1184,1185,0,27,0.0228,0.1880,0.1880,0
1185,1186,0,27,0.0228,0.1880,0.1880,0
1186,1187,0,27,0.0227,0.1880,0.1880,0
1187,1188,0,27,0.0227,0.1880,0.1880,0
1188,1189,0,27,0.0227,0.1880,0.1880,0
1189,1190,0,27,0.0227,0.1880,0.1880,0
1190,1191,0,27,0.0227,0.1880,0.1880,0
1191,1192,0,27,0.0227,0.1880,0.1880,0
1192,1193,0,27,0.0226,0.1880,0.1880,0
1193,1194,0,27,0.0226,0.1880,0.1880,0
1194,1195,0,27,0.0226,0.1880,0.1880,0
1195,1196,0,27,0.0226,0.1880,0.1880,0
1196,1197,0,27,0.0226,0.1880,0.1880,0
1197,1198,0,27,0.0225,0.1880,0.1880,0
1198,1199,0,27,0.0225,0.1880,0.1880,0
1199,1200,0,27,0.0225,0.1880,0.1880,0
1200,1201,0,27,0.0225,0.1880,0.1880,0
1201,1202,0,27,0.0225,0.1880,0.1880,0
1202,1203,0,27,0.0224,0.1880,0.1880,0
1203,1204,0,27,0.0224,0.1880,0.1880,0
1204,1205,0,27,0.0224,0.1880,0.1880,0
1205,1206,0,27,0.0224,0.1880,0.1880,0
1206,1207,0,27,0.0224,0.1880,0.1880,0
1207,1208,0,27,0.0224,0.1880,0.1880,0
1208,1209,0,27,0.0223,0.1880,0.1880,0
1209,1210,0,27,0.0223,0.1880,0.1880,0
1210,1211,0,27,0.0223,0.1880,0.1880,0
1211,1212,0,27,0.0223,0.1880,0.1880,0
1212,1213,0,27,0.0223,0.1880,0.1880,0
1213,1214,0,27,0.0222,0.1880,0.1880,0
1214,1215,0,27,0.0222,0.1880,0.1880,0
1215,1216,0,27,0.0222,0.1880,0.1880,0
1216,1217,0,27,0.0222,0.1880,0.1880,0
1217,1218,0,27,0.0222,0.1880,0.1880,0
1218,1219,0,27,0.0221,0.1880,0.1880,0
1219,1220,0,27,0.0221,0.1880,0.1880,0
1220,1221,0,27,0.0221,0.1880,0.1880,0
1221,1222,0,27,0.0221,0.1880,0.1880,0
1222,1223,0,27,0.0221,0.1880,0.1880,0
1223,1224,0,27,0.0221,0.1880,0.1880,0
1224,1225,0,27,0.0220,0.1880,0.1880,0
1225,1226,0,27,0.0220,0.1880,0.1880,0
1226,1227,0,27,0.0220,0.1880,0.1880,0
1227,1228,0,27,0.0220,0.1880,0.1880,0
1228,1229,0,27,0.0220,0.1880,0.1880,0
1229,1230,0,27,0.0220,0.1880,0.1880,0
1230,1231,0,27,0.0219,0.1880,0.1880,0
1231,1232,0,27,0.0219,0.1880,0.1880,0
1232,1233,0,27,0.0219,0.1880,0.1880,0
1233,1234,0,27,0.0219,0.1880,0.1880,0
1234,1235,0,27,0.0219,0.1880,0.1880,0
1235,1236,0,27,0.0218,0.1880,0.1880,0
1236,1237,0,27,0.0218,0.1880,0.1880,0
1237,1238,0,27,0.0218,0.1880,0.1880,0
1238,1239,0,27,0.0218,0.1880,0.1880,0
1239,1240,0,27,0.0218,0.1880,0.1880,0
1240,1241,0,27,0.0218,0.1880,0.1880,0
1241,1242,0,27,0.0217,0.1880,0.1880,0
1242,1243,0,27,0.0217,0.1880,0.1880,0
1243,1244,0,27,0.0217,0.1880,0.1880,0
1244,1245,0,27,0.0217,0.1880,0.1880,0
1245,1246,1,28,0.0225,0.1880,0.1880,1
1246,1247,0,28,0.0225,0.1880,0.1880,0
1247,1248,0,28,0.0224,0.1880,0.1880,0
1248,1249,0,28,0.0224,0.1880,0.1880,0
1249,1250,0,28,0.0224,0.1880,0.1880,0
1250,1251,0,28,0.0224,0.1880,0.1880,0
1251,1252,0,28,0.0224,0.1880,0.1880,0
1252,1253,0,28,0.0223,0.1880,0.1880,0
1253,1254,0,28,0.0223,0.1880,0.1880,0
1254,1255,0,28,0.0223,0.1880,0.1880,0
1255,1256,0,28,0.0223,0.1880,0.1880,0
1256,1257,0,28,0.0223,0.1880,0.1880,0
1257,1258,0,28,0.0223,0.1880,0.1880,0
1258,1259,0,28,0.0222,0.1880,0.1880,0
1259,1260,0,28,0.0222,0.1880,0.1880,0
1260,1261,0,28,0.0222,0.1880,0.1880,0
1261,1262,0,28,0.0222,0.1880,0.1880,0
1262,1263,0,28,0.0222,0.1880,0.1880,0
1263,1264,0,28,0.0222,0.1880,0.1880,0
1264,1265,0,28,0.0221,0.1880,0.1880,0
1265,1266,0,28,0.0221,0.1880,0.1880,0
1266,1267,0,28,0.0221,0.1880,0.1880,0
1267,1268,0,28,0.0221,0.1880,0.1880,0
1268,1269,0,28,0.0221,0.1880,0.1880,0
1269,1270,0,28,0.0220,0.1880,0.1880,0
1270,1271,0,28,0.0220,0.1880,0.1880,0
1271,1272,0,28,0.0220,0.1880,0.1880,0
1272,1273,0,28,0.0220,0.1880,0.1880,0
1273,1274,0,28,0.0220,0.1880,0.1880,0
1274,1275,0,28,0.0220,0.1880,0.1880,0
1275,1276,0,28,0.0219,0.1880,0.1880,0
1276,1277,0,28,0.0219,0.1880,0.1880,0
1277,1278,0,28,0.0219,0.1880,0.1880,0
1278,1279,0,28,0.0219,0.1880,0.1880,0
1279,1280,0,28,0.0219,0.1880,0.1880,0
1280,1281,0,28,0.0219,0.1880,0.1880,0
1281,1282,0,28,0.0218,0.1880,0.1880,0
1282,1283,0,28,0.0218,0.1880,0.1880,0
1283,1284,0,28,0.0218,0.1880,0.1880,0
1284,1285,0,28,0.0218,0.1880,0.1880,0
1285,1286,1,29,0.0226,0.1880,0.1880,1
1286,1287,0,29,0.0225,0.1880,0.1880,0
1287,1288,0,29,0.0225,0.1880,0.1880,0
1288,1289,0,29,0.0225,0.1880,0.1880,0
1289,1290,0,29,0.0225,0.1880,0.1880,0
1290,1291,0,29,0.0225,0.1880,0.1880,0
1291,1292,0,29,0.0224,0.1880,0.1880,0
1292,1293,0,29,0.0224,0.1880,0.1880,0
1293,1294,0,29,0.0224,0.1880,0.1880,0
1294,1295,0,29,0.0224,0.1880,0.1880,0
1295,1296,0,29,0.0224,0.1880,0.1880,0
1296,1297,0,29,0.0224,0.1880,0.1880,0
1297,1298,0,29,0.0223,0.1880,0.1880,0
1298,1299,0,29,0.0223,0.1880,0.1880,0
1299,1300,0,29,0.0223,0.1880,0.1880,0
1300,1301,0,29,0.0223,0.1880,0.1880,0
1301,1302,0,29,0.0223,0.1880,0.1880,0
1302,1303,0,29,0.0223,0.1880,0.1880,0
1303,1304,0,29,0.0222,0.1880,0.1880,0
1304,1305,0,29,0.0222,0.1880,0.1880,0
1305,1306,0,29,0.0222,0.1880,0.1880,0
1306,1307,0,29,0.0222,0.1880,0.1880,0
1307,1308,0,29,0.0222,0.1880,0.1880,0
1308,1309,0,29,0.0222,0.1880,0.1880,0
1309,1310,0,29,0.0221,0.1880,0.1880,0
1310,1311,0,29,0.0221,0.1880,0.1880,0
1311,1312,0,29,0.0221,0.1880,0.1880,0
1312,1313,0,29,0.0221,0.1880,0.1880,0
1313,1314,0,29,0.0221,0.1880,0.1880,0
1314,1315,0,29,0.0221,0.1880,0.1880,0
1315,1316,0,29,0.0220,0.1880,0.1880,0
1316,1317,0,29,0.0220,0.1880,0.1880,0
1317,1318,0,29,0.0220,0.1880,0.1880,0
1318,1319,0,29,0.0220,0.1880,0.1880,0
1319,1320,0,29,0.0220,0.1880,0.1880,0
1320,1321,0,29,0.0220,0.1880,0.1880,0
1321,1322,0,29,0.0219,0.1880,0.1880,0
1322,1323,0,29,0.0219,0.1880,0.1880,0
1323,1324,0,29,0.0219,0.1880,0.1880,0
1324,1325,0,29,0.0219,0.1880,0.1880,0
1325,1326,0,29,0.0219,0.1880,0.1880,0
1326,1327,0,29,0.0219,0.1880,0.1880,0
1327,1328,0,29,0.0218,0.1880,0.1880,0
1328,1329,0,29,0.0218,0.1880,0.1880,0
1329,1330,0,29,0.0218,0.1880,0.1880,0
1330,1331,0,29,0.0218,0.1880,0.1880,0
1331,1332,0,29,0.0218,0.1880,0.1880,0
1332,1333,0,29,0.0218,0.1880,0.1880,0
1333,1334,0,29,0.0217,0.1880,0.1880,0
1334,1335,0,29,0.0217,0.1880,0.1880,0
1335,1336,0,29,0.0217,0.1880,0.1880,0
1336,1337,0,29,0.0217,0.1880,0.1880,0
1337,1338,0,29,0.0217,0.1880,0.1880,0
1338,1339,0,29,0.0217,0.1880,0.1880,0
1339,1340,0,29,0.0216,0.1880,0.1880,0
1340,1341,0,29,0.0216,0.1880,0.1880,0
1341,1342,0,29,0.0216,0.1880,0.1880,0
1342,1343,0,29,0.0216,0.1880,0.1880,0
1343,1344,0,29,0.0216,0.1880,0.1880,0
1344,1345,0,29,0.0216,0.1880,0.1880,0
1345,1346,0,29,0.0215,0.1880,0.1880,0
1346,1347,0,29,0.0215,0.1880,0.1880,0
1347,1348,0,29,0.0215,0.1880,0.1880,0
1348,1349,0,29,0.0215,0.1880,0.1880,0
1349,1350,0,29,0.0215,0.1880,0.1880,0
1350,1351,0,29,0.0215,0.1880,0.1880,0
1351,1352,0,29,0.0214,0.1880,0.1880,0
1352,1353,0,29,0.0214,0.1880,0.1880,0
1353,1354,0,29,0.0214,0.1880,0.1880,0
1354,1355,0,29,0.0214,0.1880,0.1880,0
1355,1356,0,29,0.0214,0.1880,0.1880,0
1356,1357,0,29,0.0214,0.1880,0.1880,0
1357,1358,0,29,0.0214,0.1880,0.1880,0
1358,1359,0,29,0.0213,0.1880,0.1880,0
1359,1360,0,29,0.0213,0.1880,0.1880,0
1360,1361,0,29,0.0213,0.1880,0.1880,0
1361,1362,0,29,0.0213,0.1880,0.1880,0
1362,1363,0,29,0.0213,0.1880,0.1880,0
1363,1364,0,29,0.0213,0.1880,0.1880,0
1364,1365,0,29,0.0212,0.1880,0.1880,0
1365,1366,0,29,0.0212,0.1880,0.1880,0
1366,1367,0,29,0.0212,0.1880,0.1880,0
1367,1368,0,29,0.0212,0.1880,0.1880,0
1368,1369,0,29,0.0212,0.1880,0.1880,0
1369,1370,0,29,0.0212,0.1880,0.1880,0
1370,1371,0,29,0.0212,0.1880,0.1880,0
1371,1372,0,29,0.0211,0.1880,0.1880,0
1372,1373,0,29,0.0211,0.1880,0.1880,0
1373,1374,0,29,0.0211,0.1880,0.1880,0
1374,1375,0,29,0.0211,0.1880,0.1880,0
1375,1376,0,29,0.0211,0.1880,0.1880,0
1376,1377,0,29,0.0211,0.1880,0.1880,0
1377,1378,0,29,0.0210,0.1880,0.1880,0
1378,1379,0,29,0.0210,0.1880,0.1880,0
1379,1380,0,29,0.0210,0.1880,0.1880,0
1380,1381,0,29,0.0210,0.1880,0.1880,0
1381,1382,0,29,0.0210,0.1880,0.1880,0
1382,1383,0,29,0.0210,0.1880,0.1880,0
1383,1384,0,29,0.0210,0.1880,0.1880,0
1384,1385,0,29,0.0209,0.1880,0.1880,0
1385,1386,0,29,0.0209,0.1880,0.1880,0
1386,1387,0,29,0.0209,0.1880,0.1880,0
1387,1388,0,29,0.0209,0.1880,0.1880,0
1388,1389,0,29,0.0209,0.1880,0.1880,0
1389,1390,0,29,0.0209,0.1880,0.1880,0
1390,1391,0,29,0.0208,0.1880,0.1880,0
1391,1392,0,29,0.0208,0.1880,0.1880,0
1392,1393,0,29,0.0208,0.1880,0.1880,0
1393,1394,0,29,0.0208,0.1880,0.1880,0
1394,1395,0,29,0.0208,0.1880,0.1880,0
1395,1396,0,29,0.0208,0.1880,0.1880,0
1396,1397,0,29,0.0208,0.1880,0.1880,0
1397,1398,0,29,0.0207,0.1880,0.1880,0
1398,1399,0,29,0.0207,0.1880,0.1880,0
1399,1400,0,29,0.0207,0.1880,0.1880,0
1400,1401,0,29,0.0207,0.1880,0.1880,0
1401,1402,0,29,0.0207,0.1880,0.1880,0
1402,1403,0,29,0.0207,0.1880,0.1880,0
1403,1404,0,29,0.0207,0.1880,0.1880,0
1404,1405,0,29,0.0206,0.1880,0.1880,0
1405,1406,0,29,0.0206,0.1880,0.1880,0
1406,1407,0,29,0.0206,0.1880,0.1880,0
1407,1408,0,29,0.0206,0.1880,0.1880,0
1408,1409,0,29,0.0206,0.1880,0.1880,0
1409,1410,0,29,0.0206,0.1880,0.1880,0
1410,1411,0,29,0.0206,0.1880,0.1880,0
1411,1412,0,29,0.0205,0.1880,0.1880,0
1412,1413,0,29,0.0205,0.1880,0.1880,0
1413,1414,0,29,0.0205,0.1880,0.1880,0
1414,1415,0,29,0.0205,0.1880,0.1880,0
1415,1416,0,29,0.0205,0.1880,0.1880,0
1416,1417,0,29,0.0205,0.1880,0.1880,0
1417,1418,0,29,0.0205,0.1880,0.1880,0
1418,1419,0,29,0.0204,0.1880,0.1880,0
1419,1420,0,29,0.0204,0.1880,0.1880,0
1420,1421,0,29,0.0204,0.1880,0.1880,0
1421,1422,0,29,0.0204,0.1880,0.1880,0
1422,1423,0,29,0.0204,0.1880,0.1880,0
1423,1424,0,29,0.0204,0.1880,0.1880,0
1424,1425,0,29,0.0204,0.1880,0.1880,0
1425,1426,0,29,0.0203,0.1880,0.1880,0
1426,1427,0,29,0.0203,0.1880,0.1880,0
1427,1428,0,29,0.0203,0.1880,0.1880,0
1428,1429,0,29,0.0203,0.1880,0.1880,0
1429,1430,0,29,0.0203,0.1880,0.1880,0
1430,1431,0,29,0.0203,0.1880,0.1880,0
1431,1432,0,29,0.0203,0.1880,0.1880,0
1432,1433,0,29,0.0202,0.1880,0.1880,0
1433,1434,0,29,0.0202,0.1880,0.1880,0
1434,1435,0,29,0.0202,0.1880,0.1880,0
1435,1436,0,29,0.0202,0.1880,0.1880,0
1436,1437,0,29,0.0202,0.1880,0.1880,0
1437,1438,0,29,0.0202,0.1880,0.1880,0
1438,1439,0,29,0.0202,0.1880,0.1880,0
1439,1440,0,29,0.0201,0.1880,0.1880,0
1440,1441,0,29,0.0201,0.1880,0.1880,0
1441,1442,0,29,0.0201,0.1880,0.1880,0
1442,1443,0,29,0.0201,0.1880,0.1880,0
1443,1444,0,29,0.0201,0.1880,0.1880,0
1444,1445,0,29,0.0201,0.1880,0.1880,0
1445,1446,0,29,0.0201,0.1880,0.1880,0
1446,1447,0,29,0.0200,0.1880,0.1880,0
1447,1448,0,29,0.0200,0.1880,0.1880,0
1448,1449,0,29,0.0200,0.1880,0.1880,0
1449,1450,0,29,0.0200,0.1880,0.1880,0
1450,1451,0,29,0.0200,0.1880,0.1880,0
1451,1452,0,29,0.0200,0.1880,0.1880,0
1452,1453,0,29,0.0200,0.1880,0.1880,0
1453,1454,0,29,0.0199,0.1880,0.1880,0
1454,1455,0,29,0.0199,0.1880,0.1880,0
1455,1456,0,29,0.0199,0.1880,0.1880,0
1456,1457,1,30,0.0206,0.1880,0.1880,1
1457,1458,0,30,0.0206,0.1880,0.1880,0
1458,1459,0,30,0.0206,0.1880,0.1880,0
1459,1460,0,30,0.0205,0.1880,0.1880,0
1460,1461,0,30,0.0205,0.1880,0.1880,0
1461,1462,1,31,0.0212,0.1880,0.1880,1
1462,1463,0,31,0.0212,0.1880,0.1880,0
1463,1464,0,31,0.0212,0.1880,0.1880,0
1464,1465,0,31,0.0212,0.1880,0.1880,0
1465,1466,0,31,0.0211,0.1880,0.1880,0
1466,1467,0,31,0.0211,0.1880,0.1880,0
1467,1468,0,31,0.0211,0.1880,0.1880,0
1468,1469,0,31,0.0211,0.1880,0.1880,0
1469,1470,0,31,0.0211,0.1880,0.1880,0
1470,1471,0,31,0.0211,0.1880,0.1880,0
1471,1472,0,31,0.0211,0.1880,0.1880,0
1472,1473,0,31,0.0210,0.1880,0.1880,0
1473,1474,0,31,0.0210,0.1880,0.1880,0
1474,1475,0,31,0.0210,0.1880,0.1880,0
1475,1476,0,31,0.0210,0.1880,0.1880,0
1476,1477,0,31,0.0210,0.1880,0.1880,0
1477,1478,0,31,0.0210,0.1880,0.1880,0
1478,1479,0,31,0.0210,0.1880,0.1880,0
1479,1480,0,31,0.0209,0.1880,0.1880,0
1480,1481,0,31,0.0209,0.1880,0.1880,0
1481,1482,0,31,0.0209,0.1880,0.1880,0
1482,1483,0,31,0.0209,0.1880,0.1880,0
1483,1484,0,31,0.0209,0.1880,0.1880,0
1484,1485,0,31,0.0209,0.1880,0.1880,0
1485,1486,0,31,0.0209,0.1880,0.1880,0
1486,1487,0,31,0.0208,0.1880,0.1880,0
1487,1488,0,31,0.0208,0.1880,0.1880,0
1488,1489,0,31,0.0208,0.1880,0.1880,0
1489,1490,0,31,0.0208,0.1880,0.1880,0
1490,1491,0,31,0.0208,0.1880,0.1880,0
1491,1492,0,31,0.0208,0.1880,0.1880,0
1492,1493,0,31,0.0208,0.1880,0.1880,0
1493,1494,0,31,0.0207,0.1880,0.1880,0
1494,1495,0,31,0.0207,0.1880,0.1880,0
1495,1496,0,31,0.0207,0.1880,0.1880,0
1496,1497,0,31,0.0207,0.1880,0.1880,0
1497,1498,0,31,0.0207,0.1880,0.1880,0
1498,1499,0,31,0.0207,0.1880,0.1880,0
1499,1500,0,31,0.0207,0.1880,0.1880,0
1500,1501,0,31,0.0207,0.1880,0.1880,0
1501,1502,0,31,0.0206,0.1880,0.1880,0
1502,1503,0,31,0.0206,0.1880,0.1880,0
1503,1504,0,31,0.0206,0.1880,0.1880,0
1504,1505,0,31,0.0206,0.1880,0.1880,0
1505,1506,0,31,0.0206,0.1880,0.1880,0
1506,1507,0,31,0.0206,0.1880,0.1880,0
1507,1508,0,31,0.0206,0.1880,0.1880,0
1508,1509,0,31,0.0205,0.1880,0.1880,0
1509,1510,0,31,0.0205,0.1880,0.1880,0
1510,1511,0,31,0.0205,0.1880,0.1880,0
1511,1512,0,31,0.0205,0.1880,0.1880,0
1512,1513,0,31,0.0205,0.1880,0.1880,0
1513,1514,0,31,0.0205,0.1880,0.1880,0
1514,1515,0,31,0.0205,0.1880,0.1880,0
1515,1516,0,31,0.0204,0.1880,0.1880,0
1516,1517,0,31,0.0204,0.1880,0.1880,0
1517,1518,0,31,0.0204,0.1880,0.1880,0
1518,1519,0,31,0.0204,0.1880,0.1880,0
1519,1520,0,31,0.0204,0.1880,0.1880,0
1520,1521,0,31,0.0204,0.1880,0.1880,0
1521,1522,0,31,0.0204,0.1880,0.1880,0
1522,1523,0,31,0.0204,0.1880,0.1880,0
1523,1524,0,31,0.0203,0.1880,0.1880,0
1524,1525,0,31,0.0203,0.1880,0.1880,0
1525,1526,0,31,0.0203,0.1880,0.1880,0
1526,1527,0,31,0.0203,0.1880,0.1880,0
1527,1528,0,31,0.0203,0.1880,0.1880,0
1528,1529,0,31,0.0203,0.1880,0.1880,0
1529,1530,0,31,0.0203,0.1880,0.1880,0
1530,1531,0,31,0.0202,0.1880,0.1880,0
1531,1532,0,31,0.0202,0.1880,0.1880,0
1532,1533,0,31,0.0202,0.1880,0.1880,0
1533,1534,0,31,0.0202,0.1880,0.1880,0
1534,1535,0,31,0.0202,0.1880,0.1880,0
1535,1536,1,32,0.0208,0.1880,0.1880,1
1536,1537,0,32,0.0208,0.1880,0.1880,0
1537,1538,0,32,0.0208,0.1880,0.1880,0
1538,1539,0,32,0.0208,0.1880,0.1880,0
1539,1540,0,32,0.0208,0.1880,0.1880,0
1540,1541,0,32,0.0208,0.1880,0.1880,0
1541,1542,1,33,0.0214,0.1880,0.1880,1
1542,1543,0,33,0.0214,0.1880,0.1880,0
1543,1544,0,33,0.0214,0.1880,0.1880,0
1544,1545,0,33,0.0214,0.1880,0.1880,0
1545,1546,0,33,0.0213,0.1880,0.1880,0
1546,1547,0,33,0.0213,0.1880,0.1880,0
1547,1548,0,33,0.0213,0.1880,0.1880,0
1548,1549,0,33,0.0213,0.1880,0.1880,0
1549,1550,0,33,0.0213,0.1880,0.1880,0
1550,1551,1,34,0.0219,0.1880,0.1880,1
1551,1552,0,34,0.0219,0.1880,0.1880,0
1552,1553,0,34,0.0219,0.1880,0.1880,0
1553,1554,0,34,0.0219,0.1880,0.1880,0
1554,1555,0,34,0.0219,0.1880,0.1880,0
1555,1556,0,34,0.0219,0.1880,0.1880,0
1556,1557,0,34,0.0218,0.1880,0.1880,0
1557,1558,0,34,0.0218,0.1880,0.1880,0
1558,1559,0,34,0.0218,0.1880,0.1880,0
1559,1560,0,34,0.0218,0.1880,0.1880,0
1560,1561,0,34,0.0218,0.1880,0.1880,0
1561,1562,0,34,0.0218,0.1880,0.1880,0
1562,1563,0,34,0.0218,0.1880,0.1880,0
1563,1564,0,34,0.0217,0.1880,0.1880,0
1564,1565,0,34,0.0217,0.1880,0.1880,0
1565,1566,0,34,0.0217,0.1880,0.1880,0
1566,1567,0,34,0.0217,0.1880,0.1880,0
1567,1568,0,34,0.0217,0.1880,0.1880,0
1568,1569,0,34,0.0217,0.1880,0.1880,0
1569,1570,0,34,0.0217,0.1880,0.1880,0
1570,1571,0,34,0.0216,0.1880,0.1880,0
1571,1572,0,34,0.0216,0.1880,0.1880,0
1572,1573,0,34,0.0216,0.1880,0.1880,0
1573,1574,0,34,0.0216,0.1880,0.1880,0
1574,1575,0,34,0.0216,0.1880,0.1880,0
1575,1576,0,34,0.0216,0.1880,0.1880,0
1576,1577,0,34,0.0216,0.1880,0.1880,0
1577,1578,1,35,0.0222,0.1880,0.1880,1
1578,1579,1,36,0.0228,0.1880,0.1880,1
1579,1580,0,36,0.0228,0.1880,0.1880,0
1580,1581,0,36,0.0228,0.1880,0.1880,0
1581,1582,0,36,0.0228,0.1880,0.1880,0
1582,1583,0,36,0.0227,0.1880,0.1880,0
1583,1584,0,36,0.0227,0.1880,0.1880,0
1584,1585,0,36,0.0227,0.1880,0.1880,0
1585,1586,0,36,0.0227,0.1880,0.1880,0
1586,1587,0,36,0.0227,0.1880,0.1880,0
1587,1588,0,36,0.0227,0.1880,0.1880,0
1588,1589,0,36,0.0227,0.1880,0.1880,0
1589,1590,0,36,0.0226,0.1880,0.1880,0
1590,1591,0,36,0.0226,0.1880,0.1880,0
1591,1592,0,36,0.0226,0.1880,0.1880,0
1592,1593,0,36,0.0226,0.1880,0.1880,0
1593,1594,0,36,0.0226,0.1880,0.1880,0
1594,1595,0,36,0.0226,0.1880,0.1880,0
1595,1596,0,36,0.0226,0.1880,0.1880,0
1596,1597,0,36,0.0225,0.1880,0.1880,0
1597,1598,0,36,0.0225,0.1880,0.1880,0
1598,1599,0,36,0.0225,0.1880,0.1880,0
1599,1600,0,36,0.0225,0.1880,0.1880,0
1600,1601,0,36,0.0225,0.1880,0.1880,0
1601,1602,0,36,0.0225,0.1880,0.1880,0
1602,1603,0,36,0.0225,0.1880,0.1880,0
1603,1604,0,36,0.0224,0.1880,0.1880,0
1604,1605,0,36,0.0224,0.1880,0.1880,0
1605,1606,0,36,0.0224,0.1880,0.1880,0
1606,1607,0,36,0.0224,0.1880,0.1880,0
1607,1608,0,36,0.0224,0.1880,0.1880,0
1608,1609,0,36,0.0224,0.1880,0.1880,0
1609,1610,0,36,0.0224,0.1880,0.1880,0
1610,1611,0,36,0.0223,0.1880,0.1880,0
1611,1612,0,36,0.0223,0.1880,0.1880,0
1612,1613,0,36,0.0223,0.1880,0.1880,0
1613,1614,1,37,0.0229,0.1880,0.1880,1
1614,1615,0,37,0.0229,0.1880,0.1880,0
1615,1616,0,37,0.0229,0.1880,0.1880,0
1616,1617,0,37,0.0229,0.1880,0.1880,0
1617,1618,0,37,0.0229,0.1880,0.1880,0
1618,1619,0,37,0.0229,0.1880,0.1880,0
1619,1620,0,37,0.0228,0.1880,0.1880,0
1620,1621,0,37,0.0228,0.1880,0.1880,0
1621,1622,0,37,0.0228,0.1880,0.1880,0
1622,1623,0,37,0.0228,0.1880,0.1880,0
1623,1624,0,37,0.0228,0.1880,0.1880,0
1624,1625,0,37,0.0228,0.1880,0.1880,0
1625,1626,0,37,0.0228,0.1880,0.1880,0
1626,1627,0,37,0.0227,0.1880,0.1880,0
1627,1628,0,37,0.0227,0.1880,0.1880,0
1628,1629,0,37,0.0227,0.1880,0.1880,0
1629,1630,0,37,0.0227,0.1880,0.1880,0
1630,1631,0,37,0.0227,0.1880,0.1880,0
1631,1632,0,37,0.0227,0.1880,0.1880,0
1632,1633,0,37,0.0227,0.1880,0.1880,0
1633,1634,0,37,0.0226,0.1880,0.1880,0
1634,1635,0,37,0.0226,0.1880,0.1880,0
1635,1636,0,37,0.0226,0.1880,0.1880,0
1636,1637,0,37,0.0226,0.1880,0.1880,0
1637,1638,0,37,0.0226,0.1880,0.1880,0
1638,1639,0,37,0.0226,0.1880,0.1880,0
1639,1640,0,37,0.0226,0.1880,0.1880,0
1640,1641,0,37,0.0225,0.1880,0.1880,0
1641,1642,0,37,0.0225,0.1880,0.1880,0
1642,1643,0,37,0.0225,0.1880,0.1880,0
1643,1644,0,37,0.0225,0.1880,0.1880,0
1644,1645,0,37,0.0225,0.1880,0.1880,0
1645,1646,0,37,0.0225,0.1880,0.1880,0
1646,1647,0,37,0.0225,0.1880,0.1880,0
1647,1648,0,37,0.0225,0.1880,0.1880,0
1648,1649,0,37,0.0224,0.1880,0.1880,0
1649,1650,0,37,0.0224,0.1880,0.1880,0
1650,1651,0,37,0.0224,0.1880,0.1880,0
1651,1652,0,37,0.0224,0.1880,0.1880,0
1652,1653,0,37,0.0224,0.1880,0.1880,0
1653,1654,0,37,0.0224,0.1880,0.1880,0
1654,1655,0,37,0.0224,0.1880,0.1880,0
1655,1656,0,37,0.0223,0.1880,0.1880,0
1656,1657,0,37,0.0223,0.1880,0.1880,0
1657,1658,0,37,0.0223,0.1880,0.1880,0
1658,1659,0,37,0.0223,0.1880,0.1880,0
1659,1660,0,37,0.0223,0.1880,0.1880,0
1660,1661,0,37,0.0223,0.1880,0.1880,0
1661,1662,0,37,0.0223,0.1880,0.1880,0
1662,1663,0,37,0.0222,0.1880,0.1880,0
1663,1664,0,37,0.0222,0.1880,0.1880,0
1664,1665,0,37,0.0222,0.1880,0.1880,0
1665,1666,0,37,0.0222,0.1880,0.1880,0
1666,1667,0,37,0.0222,0.1880,0.1880,0
1667,1668,0,37,0.0222,0.1880,0.1880,0
1668,1669,0,37,0.0222,0.1880,0.1880,0
1669,1670,0,37,0.0222,0.1880,0.1880,0
1670,1671,0,37,0.0221,0.1880,0.1880,0
1671,1672,0,37,0.0221,0.1880,0.1880,0
1672,1673,0,37,0.0221,0.1880,0.1880,0
1673,1674,0,37,0.0221,0.1880,0.1880,0
1674,1675,0,37,0.0221,0.1880,0.1880,0
1675,1676,0,37,0.0221,0.1880,0.1880,0
1676,1677,0,37,0.0221,0.1880,0.1880,0
1677,1678,0,37,0.0221,0.1880,0.1880,0
1678,1679,0,37,0.0220,0.1880,0.1880,0
1679,1680,0,37,0.0220,0.1880,0.1880,0
1680,1681,0,37,0.0220,0.1880,0.1880,0
1681,1682,0,37,0.0220,0.1880,0.1880,0
1682,1683,0,37,0.0220,0.1880,0.1880,0
1683,1684,0,37,0.0220,0.1880,0.1880,0
1684,1685,0,37,0.0220,0.1880,0.1880,0
1685,1686,0,37,0.0219,0.1880,0.1880,0
1686,1687,0,37,0.0219,0.1880,0.1880,0
1687,1688,0,37,0.0219,0.1880,0.1880,0
1688,1689,0,37,0.0219,0.1880,0.1880,0
1689,1690,0,37,0.0219,0.1880,0.1880,0
1690,1691,0,37,0.0219,0.1880,0.1880,0
1691,1692,0,37,0.0219,0.1880,0.1880,0
1692,1693,0,37,0.0219,0.1880,0.1880,0
1693,1694,0,37,0.0218,0.1880,0.1880,0
1694,1695,0,37,0.0218,0.1880,0.1880,0
1695,1696,0,37,0.0218,0.1880,0.1880,0
1696,1697,0,37,0.0218,0.1880,0.1880,0
1697,1698,0,37,0.0218,0.1880,0.1880,0
1698,1699,0,37,0.0218,0.1880,0.1880,0
1699,1700,0,37,0.0218,0.1880,0.1880,0
1700,1701,0,37,0.0218,0.1880,0.1880,0
1701,1702,0,37,0.0217,0.1880,0.1880,0
1702,1703,0,37,0.0217,0.1880,0.1880,0
1703,1704,0,37,0.0217,0.1880,0.1880,0
1704,1705,0,37,0.0217,0.1880,0.1880,0
1705,1706,0,37,0.0217,0.1880,0.1880,0
1706,1707,0,37,0.0217,0.1880,0.1880,0
1707,1708,0,37,0.0217,0.1880,0.1880,0
1708,1709,0,37,0.0217,0.1880,0.1880,0
1709,1710,0,37,0.0216,0.1880,0.1880,0
1710,1711,0,37,0.0216,0.1880,0.1880,0
1711,1712,0,37,0.0216,0.1880,0.1880,0
1712,1713,0,37,0.0216,0.1880,0.1880,0
1713,1714,0,37,0.0216,0.1880,0.1880,0
1714,1715,0,37,0.0216,0.1880,0.1880,0
1715,1716,0,37,0.0216,0.1880,0.1880,0
1716,1717,0,37,0.0215,0.1880,0.1880,0
1717,1718,0,37,0.0215,0.1880,0.1880,0
1718,1719,0,37,0.0215,0.1880,0.1880,0
1719,1720,0,37,0.0215,0.1880,0.1880,0
1720,1721,0,37,0.0215,0.1880,0.1880,0
1721,1722,0,37,0.0215,0.1880,0.1880,0
1722,1723,0,37,0.0215,0.1880,0.1880,0
1723,1724,0,37,0.0215,0.1880,0.1880,0
1724,1725,0,37,0.0214,0.1880,0.1880,0
1725,1726,1,38,0.0220,0.1880,0.2051,1
1726,1727,0,38,0.0220,0.2051,0.2051,0
1727,1728,0,38,0.0220,0.2051,0.2051,0
1728,1729,0,38,0.0220,0.2051,0.2051,0
1729,1730,0,38,0.0220,0.2051,0.2051,0
1730,1731,0,38,0.0220,0.2051,0.2051,0
1731,1732,0,38,0.0219,0.2051,0.2051,0
1732,1733,0,38,0.0219,0.2051,0.2051,0
1733,1734,0,38,0.0219,0.2051,0.2051,0
1734,1735,0,38,0.0219,0.2051,0.2051,0
1735,1736,0,38,0.0219,0.2051,0.2051,0
1736,1737,0,38,0.0219,0.2051,0.2051,0
1737,1738,0,38,0.0219,0.2051,0.2051,0
1738,1739,0,38,0.0219,0.2051,0.2051,0
1739,1740,0,38,0.0218,0.2051,0.2051,0
1740,1741,0,38,0.0218,0.2051,0.2051,0
1741,1742,0,38,0.0218,0.2051,0.2051,0
1742,1743,0,38,0.0218,0.2051,0.2051,0
1743,1744,0,38,0.0218,0.2051,0.2051,0
1744,1745,0,38,0.0218,0.2051,0.2051,0
1745,1746,0,38,0.0218,0.2051,0.2051,0
1746,1747,0,38,0.0218,0.2051,0.2051,0
1747,1748,0,38,0.0217,0.2051,0.2051,0
1748,1749,0,38,0.0217,0.2051,0.2051,0
1749,1750,0,38,0.0217,0.2051,0.2051,0
1750,1751,0,38,0.0217,0.2051,0.2051,0
1751,1752,1,39,0.0223,0.2051,0.2051,1
1752,1753,0,39,0.0222,0.2051,0.2051,0
1753,1754,0,39,0.0222,0.2051,0.2051,0
1754,1755,0,39,0.0222,0.2051,0.2051,0
1755,1756,0,39,0.0222,0.2051,0.2051,0
1756,1757,0,39,0.0222,0.2051,0.2051,0
1757,1758,0,39,0.0222,0.2051,0.2051,0
1758,1759,0,39,0.0222,0.2051,0.2051,0
1759,1760,0,39,0.0222,0.2051,0.2051,0
1760,1761,0,39,0.0221,0.2051,0.2051,0
1761,1762,0,39,0.0221,0.2051,0.2051,0
1762,1763,0,39,0.0221,0.2051,0.2051,0
1763,1764,0,39,0.0221,0.2051,0.2051,0
1764,1765,0,39,0.0221,0.2051,0.2051,0
1765,1766,0,39,0.0221,0.2051,0.2051,0
1766,1767,0,39,0.0221,0.2051,0.2051,0
1767,1768,0,39,0.0221,0.2051,0.2051,0
1768,1769,0,39,0.0220,0.2051,0.2051,0
1769,1770,0,39,0.0220,0.2051,0.2051,0
1770,1771,0,39,0.0220,0.2051,0.2051,0
1771,1772,0,39,0.0220,0.2051,0.2051,0
1772,1773,0,39,0.0220,0.2051,0.2051,0
1773,1774,0,39,0.0220,0.2051,0.2051,0
1774,1775,0,39,0.0220,0.2051,0.2051,0
1775,1776,0,39,0.0220,0.2051,0.2051,0
1776,1777,0,39,0.0219,0.2051,0.2051,0
1777,1778,0,39,0.0219,0.2051,0.2051,0
1778,1779,0,39,0.0219,0.2051,0.2051,0
1779,1780,0,39,0.0219,0.2051,0.2051,0
1780,1781,0,39,0.0219,0.2051,0.2051,0
1781,1782,0,39,0.0219,0.2051,0.2051,0
1782,1783,0,39,0.0219,0.2051,0.2051,0
1783,1784,0,39,0.0219,0.2051,0.2051,0
1784,1785,0,39,0.0218,0.2051,0.2051,0
1785,1786,0,39,0.0218,0.2051,0.2051,0
1786,1787,0,39,0.0218,0.2051,0.2051,0
1787,1788,0,39,0.0218,0.2051,0.2051,0
1788,1789,0,39,0.0218,0.2051,0.2051,0
1789,1790,0,39,0.0218,0.2051,0.2051,0
1790,1791,0,39,0.0218,0.2051,0.2051,0
1791,1792,0,39,0.0218,0.2051,0.2051,0
1792,1793,0,39,0.0218,0.2051,0.2051,0
1793,1794,0,39,0.0217,0.2051,0.2051,0
1794,1795,0,39,0.0217,0.2051,0.2051,0
1795,1796,0,39,0.0217,0.2051,0.2051,0
1796,1797,0,39,0.0217,0.2051,0.2051,0
1797,1798,0,39,0.0217,0.2051,0.2051,0
1798,1799,0,39,0.0217,0.2051,0.2051,0
1799,1800,0,39,0.0217,0.2051,0.2051,0
1800,1801,0,39,0.0217,0.2051,0.2051,0
1801,1802,0,39,0.0216,0.2051,0.2051,0
1802,1803,0,39,0.0216,0.2051,0.2051,0
1803,1804,0,39,0.0216,0.2051,0.2051,0
1804,1805,0,39,0.0216,0.2051,0.2051,0
1805,1806,0,39,0.0216,0.2051,0.2051,0
1806,1807,0,39,0.0216,0.2051,0.2051,0
1807,1808,0,39,0.0216,0.2051,0.2051,0
1808,1809,0,39,0.0216,0.2051,0.2051,0
1809,1810,0,39,0.0215,0.2051,0.2051,0
1810,1811,0,39,0.0215,0.2051,0.2051,0
1811,1812,0,39,0.0215,0.2051,0.2051,0
1812,1813,0,39,0.0215,0.2051,0.2051,0
1813,1814,0,39,0.0215,0.2051,0.2051,0
1814,1815,0,39,0.0215,0.2051,0.2051,0
1815,1816,0,39,0.0215,0.2051,0.2051,0
1816,1817,0,39,0.0215,0.2051,0.2051,0
1817,1818,0,39,0.0215,0.2051,0.2051,0
1818,1819,0,39,0.0214,0.2051,0.2051,0
1819,1820,0,39,0.0214,0.2051,0.2051,0
1820,1821,0,39,0.0214,0.2051,0.2051,0
1821,1822,0,39,0.0214,0.2051,0.2051,0
1822,1823,0,39,0.0214,0.2051,0.2051,0
1823,1824,0,39,0.0214,0.2051,0.2051,0
1824,1825,0,39,0.0214,0.2051,0.2051,0
1825,1826,0,39,0.0214,0.2051,0.2051,0
1826,1827,0,39,0.0213,0.2051,0.2051,0
1827,1828,0,39,0.0213,0.2051,0.2051,0
1828,1829,0,39,0.0213,0.2051,0.2051,0
1829,1830,0,39,0.0213,0.2051,0.2051,0
1830,1831,0,39,0.0213,0.2051,0.2051,0
1831,1832,0,39,0.0213,0.2051,0.2051,0
1832,1833,0,39,0.0213,0.2051,0.2051,0
1833,1834,0,39,0.0213,0.2051,0.2051,0
1834,1835,0,39,0.0213,0.2051,0.2051,0
1835,1836,0,39,0.0212,0.2051,0.2051,0
1836,1837,0,39,0.0212,0.2051,0.2051,0
1837,1838,0,39,0.0212,0.2051,0.2051,0
1838,1839,0,39,0.0212,0.2051,0.2051,0
1839,1840,0,39,0.0212,0.2051,0.2051,0
1840,1841,0,39,0.0212,0.2051,0.2051,0
1841,1842,0,39,0.0212,0.2051,0.2051,0
1842,1843,0,39,0.0212,0.2051,0.2051,0
1843,1844,0,39,0.0211,0.2051,0.2051,0
1844,1845,0,39,0.0211,0.2051,0.2051,0
1845,1846,0,39,0.0211,0.2051,0.2051,0
1846,1847,0,39,0.0211,0.2051,0.2051,0
1847,1848,0,39,0.0211,0.2051,0.2051,0
1848,1849,0,39,0.0211,0.2051,0.2051,0
1849,1850,0,39,0.0211,0.2051,0.2051,0
1850,1851,0,39,0.0211,0.2051,0.2051,0
1851,1852,0,39,0.0211,0.2051,0.2051,0
1852,1853,0,39,0.0210,0.2051,0.2051,0
1853,1854,0,39,0.0210,0.2051,0.2051,0
1854,1855,0,39,0.0210,0.2051,0.2051,0
1855,1856,0,39,0.0210,0.2051,0.2051,0
1856,1857,0,39,0.0210,0.2051,0.2051,0
1857,1858,0,39,0.0210,0.2051,0.2051,0
1858,1859,0,39,0.0210,0.2051,0.2051,0
1859,1860,0,39,0.0210,0.2051,0.2051,0
1860,1861,0,39,0.0210,0.2051,0.2051,0
1861,1862,0,39,0.0209,0.2051,0.2051,0
1862,1863,0,39,0.0209,0.2051,0.2051,0
1863,1864,0,39,0.0209,0.2051,0.2051,0
1864,1865,0,39,0.0209,0.2051,0.2051,0
1865,1866,0,39,0.0209,0.2051,0.2051,0
1866,1867,0,39,0.0209,0.2051,0.2051,0
1867,1868,0,39,0.0209,0.2051,0.2051,0
1868,1869,0,39,0.0209,0.2051,0.2051,0
1869,1870,0,39,0.0209,0.2051,0.2051,0
1870,1871,0,39,0.0208,0.2051,0.2051,0
1871,1872,0,39,0.0208,0.2051,0.2051,0
1872,1873,0,39,0.0208,0.2051,0.2051,0
1873,1874,0,39,0.0208,0.2051,0.2051,0
1874,1875,0,39,0.0208,0.2051,0.2051,0
1875,1876,0,39,0.0208,0.2051,0.2051,0
1876,1877,0,39,0.0208,0.2051,0.2051,0
1877,1878,0,39,0.0208,0.2051,0.2051,0
1878,1879,0,39,0.0208,0.2051,0.2051,0
1879,1880,0,39,0.0207,0.2051,0.2051,0
1880,1881,0,39,0.0207,0.2051,0.2051,0
1881,1882,0,39,0.0207,0.2051,0.2051,0
1882,1883,0,39,0.0207,0.2051,0.2051,0
1883,1884,0,39,0.0207,0.2051,0.2051,0
1884,1885,0,39,0.0207,0.2051,0.2051,0
1885,1886,0,39,0.0207,0.2051,0.2051,0
1886,1887,0,39,0.0207,0.2051,0.2051,0
1887,1888,0,39,0.0207,0.2051,0.2051,0
1888,1889,0,39,0.0206,0.2051,0.2051,0
1889,1890,0,39,0.0206,0.2051,0.2051,0
1890,1891,0,39,0.0206,0.2051,0.2051,0
1891,1892,0,39,0.0206,0.2051,0.2051,0
1892,1893,0,39,0.0206,0.2051,0.2051,0
1893,1894,0,39,0.0206,0.2051,0.2051,0
1894,1895,0,39,0.0206,0.2051,0.2051,0
1895,1896,0,39,0.0206,0.2051,0.2051,0
1896,1897,0,39,0.0206,0.2051,0.2051,0
1897,1898,0,39,0.0205,0.2051,0.2051,0
1898,1899,0,39,0.0205,0.2051,0.2051,0
1899,1900,0,39,0.0205,0.2051,0.2051,0
1900,1901,0,39,0.0205,0.2051,0.2051,0
1901,1902,0,39,0.0205,0.2051,0.2051,0
1902,1903,0,39,0.0205,0.2051,0.2051,0
1903,1904,0,39,0.0205,0.2051,0.2051,0
1904,1905,0,39,0.0205,0.2051,0.2051,0
1905,1906,0,39,0.0205,0.2051,0.2051,0
1906,1907,0,39,0.0205,0.2051,0.2051,0
1907,1908,0,39,0.0204,0.2051,0.2051,0
1908,1909,0,39,0.0204,0.2051,0.2051,0
1909,1910,0,39,0.0204,0.2051,0.2051,0
1910,1911,0,39,0.0204,0.2051,0.2051,0
1911,1912,0,39,0.0204,0.2051,0.2051,0
1912,1913,0,39,0.0204,0.2051,0.2051,0
1913,1914,0,39,0.0204,0.2051,0.2051,0
1914,1915,0,39,0.0204,0.2051,0.2051,0
1915,1916,0,39,0.0204,0.2051,0.2051,0
1916,1917,0,39,0.0203,0.2051,0.2051,0
1917,1918,0,39,0.0203,0.2051,0.2051,0
1918,1919,0,39,0.0203,0.2051,0.2051,0
1919,1920,0,39,0.0203,0.2051,0.2051,0
1920,1921,0,39,0.0203,0.2051,0.2051,0
1921,1922,0,39,0.0203,0.2051,0.2051,0
1922,1923,0,39,0.0203,0.2051,0.2051,0
1923,1924,0,39,0.0203,0.2051,0.2051,0
1924,1925,0,39,0.0203,0.2051,0.2051,0
1925,1926,0,39,0.0202,0.2051,0.2051,0
1926,1927,0,39,0.0202,0.2051,0.2051,0
1927,1928,0,39,0.0202,0.2051,0.2051,0
1928,1929,0,39,0.0202,0.2051,0.2051,0
1929,1930,0,39,0.0202,0.2051,0.2051,0
1930,1931,0,39,0.0202,0.2051,0.2051,0
1931,1932,0,39,0.0202,0.2051,0.2051,0
1932,1933,0,39,0.0202,0.2051,0.2051,0
1933,1934,1,40,0.0207,0.2051,0.2051,1
1934,1935,0,40,0.0207,0.2051,0.2051,0
1935,1936,0,40,0.0207,0.2051,0.2051,0
1936,1937,0,40,0.0207,0.2051,0.2051,0
1937,1938,0,40,0.0206,0.2051,0.2051,0
1938,1939,0,40,0.0206,0.2051,0.2051,0
1939,1940,0,40,0.0206,0.2051,0.2051,0
1940,1941,0,40,0.0206,0.2051,0.2051,0
1941,1942,0,40,0.0206,0.2051,0.2051,0
1942,1943,0,40,0.0206,0.2051,0.2051,0
1943,1944,0,40,0.0206,0.2051,0.2051,0
1944,1945,0,40,0.0206,0.2051,0.2051,0
1945,1946,0,40,0.0206,0.2051,0.2051,0
1946,1947,0,40,0.0205,0.2051,0.2051,0
1947,1948,0,40,0.0205,0.2051,0.2051,0
1948,1949,0,40,0.0205,0.2051,0.2051,0
1949,1950,0,40,0.0205,0.2051,0.2051,0
1950,1951,0,40,0.0205,0.2051,0.2051,0
1951,1952,0,40,0.0205,0.2051,0.2051,0
1952,1953,0,40,0.0205,0.2051,0.2051,0
1953,1954,0,40,0.0205,0.2051,0.2051,0
1954,1955,0,40,0.0205,0.2051,0.2051,0
1955,1956,0,40,0.0204,0.2051,0.2051,0
1956,1957,0,40,0.0204,0.2051,0.2051,0
1957,1958,0,40,0.0204,0.2051,0.2051,0
1958,1959,0,40,0.0204,0.2051,0.2051,0
1959,1960,0,40,0.0204,0.2051,0.2051,0
1960,1961,0,40,0.0204,0.2051,0.2051,0
1961,1962,0,40,0.0204,0.2051,0.2051,0
1962,1963,0,40,0.0204,0.2051,0.2051,0
1963,1964,0,40,0.0204,0.2051,0.2051,0
1964,1965,0,40,0.0204,0.2051,0.2051,0
1965,1966,0,40,0.0203,0.2051,0.2051,0
1966,1967,0,40,0.0203,0.2051,0.2051,0
1967,1968,0,40,0.0203,0.2051,0.2051,0
1968,1969,0,40,0.0203,0.2051,0.2051,0
1969,1970,0,40,0.0203,0.2051,0.2051,0
1970,1971,0,40,0.0203,0.2051,0.2051,0
1971,1972,0,40,0.0203,0.2051,0.2051,0
1972,1973,0,40,0.0203,0.2051,0.2051,0
1973,1974,0,40,0.0203,0.2051,0.2051,0
1974,1975,0,40,0.0203,0.2051,0.2051,0
1975,1976,0,40,0.0202,0.2051,0.2051,0
1976,1977,0,40,0.0202,0.2051,0.2051,0
1977,1978,0,40,0.0202,0.2051,0.2051,0
1978,1979,0,40,0.0202,0.2051,0.2051,0
1979,1980,0,40,0.0202,0.2051,0.2051,0
1980,1981,0,40,0.0202,0.2051,0.2051,0
1981,1982,0,40,0.0202,0.2051,0.2051,0
1982,1983,0,40,0.0202,0.2051,0.2051,0
1983,1984,0,40,0.0202,0.2051,0.2051,0
1984,1985,0,40,0.0202,0.2051,0.2051,0
1985,1986,0,40,0.0201,0.2051,0.2051,0
1986,1987,0,40,0.0201,0.2051,0.2051,0
1987,1988,0,40,0.0201,0.2051,0.2051,0
1988,1989,0,40,0.0201,0.2051,0.2051,0
1989,1990,0,40,0.0201,0.2051,0.2051,0
1990,1991,0,40,0.0201,0.2051,0.2051,0
1991,1992,0,40,0.0201,0.2051,0.2051,0
1992,1993,0,40,0.0201,0.2051,0.2051,0
1993,1994,0,40,0.0201,0.2051,0.2051,0
1994,1995,0,40,0.0201,0.2051,0.2051,0
1995,1996,0,40,0.0200,0.2051,0.2051,0
1996,1997,0,40,0.0200,0.2051,0.2051,0
1997,1998,0,40,0.0200,0.2051,0.2051,0
1998,1999,0,40,0.0200,0.2051,0.2051,0
1999,2000,0,40,0.0200,0.2051,0.2051,0
--- end genome_0_trajectory ---
  genome=0 sel=40 overloaded=0 first=16 irr=none irr_alt=none arc658_sat=1.0000 max_sat=1.0000 ctor=1901ms
  genome=1 sel=39 overloaded=1 first=20 irr=898 irr_alt=1 arc658_sat=1.0128 max_sat=1.0128 ctor=1667ms
  genome=2 sel=34 overloaded=0 first=35 irr=none irr_alt=none arc658_sat=1.0000 max_sat=1.0000 ctor=1617ms
  genome=3 sel=38 overloaded=0 first=41 irr=none irr_alt=none arc658_sat=1.0000 max_sat=1.0000 ctor=1767ms
  genome=4 sel=40 overloaded=0 first=17 irr=none irr_alt=none arc658_sat=1.0000 max_sat=1.0000 ctor=1980ms
  genome=5 sel=44 overloaded=0 first=12 irr=none irr_alt=none arc658_sat=1.0000 max_sat=1.0000 ctor=2373ms
  genome=6 sel=38 overloaded=0 first=49 irr=none irr_alt=none arc658_sat=0.9744 max_sat=0.9744 ctor=1600ms
  genome=7 sel=36 overloaded=0 first=6 irr=none irr_alt=none arc658_sat=1.0000 max_sat=1.0000 ctor=1702ms
  genome=8 sel=42 overloaded=0 first=20 irr=none irr_alt=none arc658_sat=0.9658 max_sat=0.9658 ctor=1638ms
  genome=9 sel=44 overloaded=0 first=6 irr=none irr_alt=none arc658_sat=1.0000 max_sat=1.0000 ctor=1649ms
  genome=10 sel=44 overloaded=0 first=70 irr=none irr_alt=none arc658_sat=1.0000 max_sat=1.0000 ctor=1699ms
  genome=11 sel=42 overloaded=0 first=3 irr=none irr_alt=none arc658_sat=0.9658 max_sat=0.9658 ctor=1694ms
  genome=12 sel=47 overloaded=0 first=68 irr=none irr_alt=none arc658_sat=1.0000 max_sat=1.0000 ctor=1679ms
  genome=13 sel=37 overloaded=0 first=42 irr=none irr_alt=none arc658_sat=1.0000 max_sat=1.0000 ctor=1766ms
  genome=14 sel=40 overloaded=0 first=5 irr=none irr_alt=none arc658_sat=1.0000 max_sat=1.0000 ctor=1685ms
  genome=15 sel=38 overloaded=0 first=171 irr=none irr_alt=none arc658_sat=0.9744 max_sat=0.9744 ctor=1700ms
  genome=16 sel=42 overloaded=1 first=51 irr=770 irr_alt=1 arc658_sat=1.0043 max_sat=1.0043 ctor=1924ms
  genome=17 sel=39 overloaded=1 first=118 irr=848 irr_alt=1 arc658_sat=1.0128 max_sat=1.0128 ctor=1718ms
  genome=18 sel=43 overloaded=1 first=41 irr=923 irr_alt=1 arc658_sat=1.0128 max_sat=1.0128 ctor=1713ms
  genome=19 sel=41 overloaded=1 first=96 irr=1012 irr_alt=1 arc658_sat=1.0128 max_sat=1.0128 ctor=1727ms
  genome=20 sel=37 overloaded=0 first=6 irr=none irr_alt=none arc658_sat=0.9915 max_sat=0.9915 ctor=1646ms
  genome=21 sel=42 overloaded=0 first=16 irr=none irr_alt=none arc658_sat=1.0000 max_sat=1.0000 ctor=1693ms
  genome=22 sel=35 overloaded=0 first=27 irr=none irr_alt=none arc658_sat=0.9915 max_sat=0.9915 ctor=1699ms
  genome=23 sel=39 overloaded=0 first=16 irr=none irr_alt=none arc658_sat=1.0000 max_sat=1.0000 ctor=1713ms
  genome=24 sel=42 overloaded=1 first=36 irr=849 irr_alt=1 arc658_sat=1.0043 max_sat=1.0043 ctor=1715ms
  genome=25 sel=40 overloaded=1 first=155 irr=936 irr_alt=1 arc658_sat=1.0128 max_sat=1.0128 ctor=1724ms
  genome=26 sel=41 overloaded=0 first=6 irr=none irr_alt=none arc658_sat=0.9658 max_sat=0.9658 ctor=1692ms
  genome=27 sel=39 overloaded=1 first=35 irr=926 irr_alt=1 arc658_sat=1.0128 max_sat=1.0128 ctor=1708ms
  genome=28 sel=44 overloaded=0 first=12 irr=none irr_alt=none arc658_sat=1.0000 max_sat=1.0000 ctor=1733ms
  genome=29 sel=32 overloaded=0 first=11 irr=none irr_alt=none arc658_sat=0.9658 max_sat=0.9658 ctor=1641ms
  genome=30 sel=43 overloaded=0 first=7 irr=none irr_alt=none arc658_sat=1.0000 max_sat=1.0000 ctor=1760ms
  genome=31 sel=38 overloaded=0 first=28 irr=none irr_alt=none arc658_sat=0.9744 max_sat=0.9744 ctor=1850ms
  genome=32 sel=40 overloaded=0 first=24 irr=none irr_alt=none arc658_sat=1.0000 max_sat=1.0000 ctor=1871ms
  genome=33 sel=39 overloaded=0 first=54 irr=none irr_alt=none arc658_sat=0.9915 max_sat=0.9915 ctor=1755ms
  genome=34 sel=41 overloaded=1 first=3 irr=934 irr_alt=1 arc658_sat=1.0128 max_sat=1.0128 ctor=2226ms
  genome=35 sel=40 overloaded=0 first=3 irr=none irr_alt=none arc658_sat=1.0000 max_sat=1.0000 ctor=2338ms
  genome=36 sel=36 overloaded=0 first=99 irr=none irr_alt=none arc658_sat=1.0000 max_sat=1.0000 ctor=1680ms
  genome=37 sel=43 overloaded=1 first=30 irr=996 irr_alt=1 arc658_sat=1.0128 max_sat=1.0128 ctor=2362ms
  genome=38 sel=39 overloaded=0 first=81 irr=none irr_alt=none arc658_sat=0.9915 max_sat=0.9915 ctor=1782ms
  genome=39 sel=40 overloaded=0 first=99 irr=none irr_alt=none arc658_sat=1.0000 max_sat=1.0000 ctor=1738ms
  genome=40 sel=39 overloaded=1 first=13 irr=810 irr_alt=1 arc658_sat=1.0128 max_sat=1.0128 ctor=1702ms
  genome=41 sel=42 overloaded=0 first=6 irr=none irr_alt=none arc658_sat=1.0000 max_sat=1.0000 ctor=1756ms
  genome=42 sel=43 overloaded=0 first=3 irr=none irr_alt=none arc658_sat=1.0000 max_sat=1.0000 ctor=1861ms
  genome=43 sel=41 overloaded=1 first=20 irr=988 irr_alt=1 arc658_sat=1.0128 max_sat=1.0128 ctor=1975ms
  genome=44 sel=44 overloaded=0 first=3 irr=none irr_alt=none arc658_sat=1.0000 max_sat=1.0000 ctor=1603ms
  genome=45 sel=38 overloaded=0 first=6 irr=none irr_alt=none arc658_sat=0.9744 max_sat=0.9744 ctor=1903ms
  genome=46 sel=41 overloaded=0 first=50 irr=none irr_alt=none arc658_sat=1.0000 max_sat=1.0000 ctor=1630ms
  genome=47 sel=36 overloaded=1 first=28 irr=813 irr_alt=1 arc658_sat=1.0128 max_sat=1.0128 ctor=1667ms
  genome=48 sel=42 overloaded=0 first=27 irr=none irr_alt=none arc658_sat=1.0000 max_sat=1.0000 ctor=1608ms
  genome=49 sel=45 overloaded=0 first=8 irr=none irr_alt=none arc658_sat=0.9872 max_sat=0.9872 ctor=1585ms

=== P10-C6-A Summary ===
Genomes: 50 | Overloaded: 13/50 (26.0%) | Feasible: 37/50 (74.0%)
Arc 658 total sel: 2009 (40.18/genome)
Arc 658 mean/max sat: 0.997264 / 1.012820
Genome mean/max sat: 0.997264 / 1.012820
Irrecoverable step proxy (overloaded genomes, n=13):
  mean=900.2 min=770 max=1012
  alt_avoiding_658 at irr: mean=1.00
  concentration_share at irr: mean=0.0229
Wall time: 301130ms (301.1s)

Decision gate:
  YES (stable threshold) → C6-B diversity cap (N_max from data only)
  NO  (no stable threshold) → C6-alt aggregate pressure budget
  Either way: STOP after one intervention. No automatic C7.
